gene_id	strand	TSS	TES	gene_name	chromosome
LOC618212	+	479368	609411	LOC618212	NC_037328.1
RCAN1	+	882105	1002231	RCAN1	NC_037328.1
LOC132345447	+	915557	957120	LOC132345447	NC_037328.1
KCNE1	+	1040523	1047096	KCNE1	NC_037328.1
LOC101904627	+	1061265	1061597	LOC101904627	NC_037328.1
SMIM34	+	1074576	1078030	SMIM34	NC_037328.1
LOC112447088	+	1239100	1241373	LOC112447088	NC_037328.1
LOC112448353	+	1472144	1472250	LOC112448353	NC_037328.1
LOC112447090	+	1523610	1552380	LOC112447090	NC_037328.1
ATP5PO	+	1643680	1651038	ATP5PO	NC_037328.1
TRNAC-GCA	+	1684563	1684634	TRNAC-GCA	NC_037328.1
CRYZL1	+	1909115	1943320	CRYZL1	NC_037328.1
DNAJC28	+	2027612	2032062	DNAJC28	NC_037328.1
LOC132346179	+	2129600	2186103	LOC132346179	NC_037328.1
LOC132346184	+	2191556	2193240	LOC132346184	NC_037328.1
LOC526226	+	2398487	2399263	LOC526226	NC_037328.1
LOC112447133	+	2615958	2621205	LOC112447133	NC_037328.1
C1H21orf62	+	2749168	2774366	C1H21orf62	NC_037328.1
PAXBP1	+	2786812	2819637	PAXBP1	NC_037328.1
SYNJ1	+	2827791	2918738	SYNJ1	NC_037328.1
CFAP298	+	2924171	2936283	CFAP298	NC_037328.1
LOC104970779	+	3078748	3084955	LOC104970779	NC_037328.1
LOC112447138	+	3529614	3530605	LOC112447138	NC_037328.1
SCAF4	+	3760537	3822519	SCAF4	NC_037328.1
TIAM1	+	3967031	4431761	TIAM1	NC_037328.1
MIR2284I	+	4288068	4288144	MIR2284I	NC_037328.1
LOC132345449	+	4451689	4458568	LOC132345449	NC_037328.1
KRTAP11-1	+	4673635	4674517	KRTAP11-1	NC_037328.1
KRTAP7-1	+	4736761	4737256	KRTAP7-1	NC_037328.1
LOC112446904	+	4857191	4857819	LOC112446904	NC_037328.1
LOC112446936	+	4878282	4878862	LOC112446936	NC_037328.1
LOC101907866	+	4888337	4888651	LOC101907866	NC_037328.1
LOC101907950	+	4909158	4909598	LOC101907950	NC_037328.1
LOC112446981	+	4946589	4947203	LOC112446981	NC_037328.1
LOC112446983	+	5140295	5140917	LOC112446983	NC_037328.1
LOC614544	+	5379067	5389653	LOC614544	NC_037328.1
LOC132346256	+	5428657	5428886	LOC132346256	NC_037328.1
LOC783607	+	5510180	5511025	LOC783607	NC_037328.1
LOC785155	+	5522176	5522955	LOC785155	NC_037328.1
KRTAP13-2	+	5581027	5582172	KRTAP13-2	NC_037328.1
LOC112447012	+	5597800	5614075	LOC112447012	NC_037328.1
KRTAP27-1	+	5627456	5630525	KRTAP27-1	NC_037328.1
KRTAP26-1	+	5652868	5653876	KRTAP26-1	NC_037328.1
CLDN8	+	5770225	5772220	CLDN8	NC_037328.1
CLDN17	+	5829566	5832083	CLDN17	NC_037328.1
GRIK1	+	6111150	6577799	GRIK1	NC_037328.1
RWDD2B	+	7155254	7171857	RWDD2B	NC_037328.1
LTN1	+	7183913	7242830	LTN1	NC_037328.1
LOC104970788	+	7892837	7894547	LOC104970788	NC_037328.1
LOC526789	+	8918056	8960600	LOC526789	NC_037328.1
LOC132345451	+	8929421	8935498	LOC132345451	NC_037328.1
LOC112448320	+	9283999	9284121	LOC112448320	NC_037328.1
ADAMTS5	+	9441018	9491324	ADAMTS5	NC_037328.1
CYYR1	+	9869590	10046147	CYYR1	NC_037328.1
LOC112448359	+	10180008	10180114	LOC112448359	NC_037328.1
APP	+	10231769	10543975	APP	NC_037328.1
TRNAR-CCU	+	10326084	10326156	TRNAR-CCU	NC_037328.1
ATP5PF	+	10690997	10698961	ATP5PF	NC_037328.1
MRPL39	+	10823337	10839082	MRPL39	NC_037328.1
LOC132345452	+	10887570	10995365	LOC132345452	NC_037328.1
LOC112448280	+	11236789	11236895	LOC112448280	NC_037328.1
LOC132345455	+	15895850	15908533	LOC132345455	NC_037328.1
TRNAV-CAC	+	16836170	16836241	TRNAV-CAC	NC_037328.1
LOC112448283	+	17905595	17905700	LOC112448283	NC_037328.1
LOC132345456	+	19087678	19138062	LOC132345456	NC_037328.1
TRNAW-CCA	+	19211246	19211318	TRNAW-CCA	NC_037328.1
C1H21orf91	+	19227594	19261194	C1H21orf91	NC_037328.1
LOC112448355	+	19310021	19310127	LOC112448355	NC_037328.1
BTG3	+	19418207	19437171	BTG3	NC_037328.1
TRNAF-GAA	+	21672831	21672902	TRNAF-GAA	NC_037328.1
LOC107132175	+	22115000	22298960	LOC107132175	NC_037328.1
LOC104976614	+	22510530	22562419	LOC104976614	NC_037328.1
HSPA13	+	22783919	22794032	HSPA13	NC_037328.1
LIPI	+	22966713	23047251	LIPI	NC_037328.1
ROBO2	+	24413044	25069185	ROBO2	NC_037328.1
LOC132345460	+	26374700	26401158	LOC132345460	NC_037328.1
LOC100848584	+	27050238	27057793	LOC100848584	NC_037328.1
LOC132346260	+	29003708	29017113	LOC132346260	NC_037328.1
LOC112446987	+	31241156	31245944	LOC112446987	NC_037328.1
LOC112448288	+	31427541	31427643	LOC112448288	NC_037328.1
LOC132345463	+	33283986	33285626	LOC132345463	NC_037328.1
LOC101902812	+	35123125	35140849	LOC101902812	NC_037328.1
CHMP2B	+	35381297	35415199	CHMP2B	NC_037328.1
ZNF654	+	36063965	36150217	ZNF654	NC_037328.1
CSNKA2IP	+	36352473	36492850	CSNKA2IP	NC_037328.1
LOC132345464	+	36740706	36754874	LOC132345464	NC_037328.1
ARL13B	+	38275600	38354515	ARL13B	NC_037328.1
NSUN3	+	38360629	38420857	NSUN3	NC_037328.1
LOC132345467	+	39114383	39189286	LOC132345467	NC_037328.1
EPHA6	+	40974259	42007569	EPHA6	NC_037328.1
LOC112448361	+	41900214	41900320	LOC112448361	NC_037328.1
ARL6	+	42010599	42049951	ARL6	NC_037328.1
LOC101905242	+	42016863	42017323	LOC101905242	NC_037328.1
CRYBG3	+	42070499	42197661	CRYBG3	NC_037328.1
OR5AC31	+	42326818	42328023	OR5AC31	NC_037328.1
OR5H28	+	42417314	42418243	OR5H28	NC_037328.1
OR5K20	+	42439998	42440924	OR5K20	NC_037328.1
OR5H36	+	42460442	42461380	OR5H36	NC_037328.1
OR5H33	+	42547913	42548863	OR5H33	NC_037328.1
OR5H31	+	42571919	42572848	OR5H31	NC_037328.1
LOC112448299	+	42693078	42693180	LOC112448299	NC_037328.1
OR5K8	+	42735409	42736335	OR5K8	NC_037328.1
OR5K1	+	42792045	42793013	OR5K1	NC_037328.1
GPR15	+	42839197	42844724	GPR15	NC_037328.1
LOC100848540	+	42907803	42957828	LOC100848540	NC_037328.1
ST3GAL6	+	42985053	43111608	ST3GAL6	NC_037328.1
LOC104970815	+	43114561	43120349	LOC104970815	NC_037328.1
LOC132345507	+	43261418	43267856	LOC132345507	NC_037328.1
COL8A1	+	43902264	44073697	COL8A1	NC_037328.1
CMSS1	+	44085955	44481333	CMSS1	NC_037328.1
TMEM30C	+	44483383	44508874	TMEM30C	NC_037328.1
TBC1D23	+	44555389	44612116	TBC1D23	NC_037328.1
NIT2	+	44617616	44637448	NIT2	NC_037328.1
LNP1	+	44687462	44730499	LNP1	NC_037328.1
LOC529036	+	44751150	44847775	LOC529036	NC_037328.1
ADGRG7	+	45082065	45145327	ADGRG7	NC_037328.1
TFG	+	45156043	45188355	TFG	NC_037328.1
LOC132346262	+	45436367	45436645	LOC132346262	NC_037328.1
LOC524181	+	45962316	45970008	LOC524181	NC_037328.1
PCNP	+	46002022	46016857	PCNP	NC_037328.1
CEP97	+	46077322	46102246	CEP97	NC_037328.1
NXPE3	+	46110763	46165922	NXPE3	NC_037328.1
NFKBIZ	+	46169624	46201254	NFKBIZ	NC_037328.1
LOC112446989	+	46246337	46334487	LOC112446989	NC_037328.1
TRNAW-CCA-3	+	46689908	46689979	TRNAW-CCA	NC_037328.1
ZPLD1	+	46856618	46940598	ZPLD1	NC_037328.1
ALCAM	+	49930802	50162053	ALCAM	NC_037328.1
LOC100848469	+	51787396	51794236	LOC100848469	NC_037328.1
CCDC54	+	51940526	51941811	CCDC54	NC_037328.1
LOC132345532	+	52051584	52056748	LOC132345532	NC_037328.1
BBX	+	52133123	52431211	BBX	NC_037328.1
LOC101910021	+	52551876	52600961	LOC101910021	NC_037328.1
LOC132345538	+	52645833	52666288	LOC132345538	NC_037328.1
HHLA2	+	52983333	53119227	HHLA2	NC_037328.1
LOC132345552	+	53213612	53220947	LOC132345552	NC_037328.1
LOC132345555	+	53562580	53562916	LOC132345555	NC_037328.1
LOC112448372	+	55223400	55223505	LOC112448372	NC_037328.1
LOC112446993	+	55309976	55314933	LOC112446993	NC_037328.1
CD96	+	56306222	56402860	CD96	NC_037328.1
PLCXD2	+	56425466	56482240	PLCXD2	NC_037328.1
PHLDB2	+	56486679	56728489	PHLDB2	NC_037328.1
ABHD10	+	56737576	56750713	ABHD10	NC_037328.1
TAGLN3	+	56759410	56773635	TAGLN3	NC_037328.1
GTPBP8	+	57707985	57984301	GTPBP8	NC_037328.1
BOC	+	57984296	58023212	BOC	NC_037328.1
LOC112448360	+	58290866	58290972	LOC112448360	NC_037328.1
ATP6V1A	+	58434594	58496044	ATP6V1A	NC_037328.1
GRAMD1C	+	58518904	58618293	GRAMD1C	NC_037328.1
QTRT2	+	58735338	58797532	QTRT2	NC_037328.1
TIGIT	+	58926519	58945602	TIGIT	NC_037328.1
LOC132346250	+	59814826	59815986	LOC132346250	NC_037328.1
TRNAS-GGA-3	+	60023243	60023314	TRNAS-GGA	NC_037328.1
TRNAR-GCG	+	62419503	62419574	TRNAR-GCG	NC_037328.1
MIR2285DE	+	62430103	62430159	MIR2285DE	NC_037328.1
TRNAW-CCA-5	+	63247854	63247925	TRNAW-CCA	NC_037328.1
LOC101901963	+	63913014	63939742	LOC101901963	NC_037328.1
TEX55	+	63957189	63981380	TEX55	NC_037328.1
UPK1B	+	63981602	64010646	UPK1B	NC_037328.1
ARHGAP31	+	64083127	64205645	ARHGAP31	NC_037328.1
POGLUT1	+	64246626	64269696	POGLUT1	NC_037328.1
TIMMDC1	+	64275405	64295242	TIMMDC1	NC_037328.1
PLA1A	+	64349946	64395314	PLA1A	NC_037328.1
CFAP91	+	64451366	64564605	CFAP91	NC_037328.1
MIR6529B	+	64851598	64851687	MIR6529B	NC_037328.1
LOC132346278	+	64991614	64992752	LOC132346278	NC_037328.1
LOC101906506	+	65046309	65047617	LOC101906506	NC_037328.1
NDUFB4	+	65318371	65324509	NDUFB4	NC_037328.1
STXBP5L	+	65607360	65935104	STXBP5L	NC_037328.1
ARGFX	+	66079635	66087758	ARGFX	NC_037328.1
CD86	+	66544185	66610934	CD86	NC_037328.1
CASR	+	66655328	66744722	CASR	NC_037328.1
LOC101908792	+	66771565	66771903	LOC101908792	NC_037328.1
CSTA	+	66773102	66783922	CSTA	NC_037328.1
FAM162A	+	66820312	66861502	FAM162A	NC_037328.1
DTX3L	+	66988223	66996322	DTX3L	NC_037328.1
PARP14	+	67012287	67069566	PARP14	NC_037328.1
SLC49A4	+	67121600	67210224	SLC49A4	NC_037328.1
PDIA5	+	67411466	67504230	PDIA5	NC_037328.1
SEC22A	+	67555423	67637454	SEC22A	NC_037328.1
KALRN	+	68433938	69126177	KALRN	NC_037328.1
LOC112448302	+	70174708	70174816	LOC112448302	NC_037328.1
LOC132345645	+	70372633	70373091	LOC132345645	NC_037328.1
RUBCN	+	70384569	70435634	RUBCN	NC_037328.1
MUC20	+	70460257	70473897	MUC20	NC_037328.1
TRNAE-CUC	+	71067073	71067144	TRNAE-CUC	NC_037328.1
FBXO45	+	71101093	71111967	FBXO45	NC_037328.1
NRROS	+	71155892	71182216	NRROS	NC_037328.1
PIGX	+	71228625	71253096	PIGX	NC_037328.1
NCBP2AS2	+	71410720	71411365	NCBP2AS2	NC_037328.1
LOC112448377	+	71741919	71742025	LOC112448377	NC_037328.1
LOC101904360	+	71842332	71844267	LOC101904360	NC_037328.1
LOC132346095	+	71998208	72002124	LOC132346095	NC_037328.1
LOC132345648	+	72035995	72040490	LOC132345648	NC_037328.1
PPP1R2	+	72100127	72117996	PPP1R2	NC_037328.1
TMEM44	+	72908252	72965646	TMEM44	NC_037328.1
ATP13A3	+	73048146	73127596	ATP13A3	NC_037328.1
GP5	+	73132362	73137213	GP5	NC_037328.1
LRRC15	+	73162603	73177164	LRRC15	NC_037328.1
LOC101905099	+	73252315	73263690	LOC101905099	NC_037328.1
LOC112447410	+	73855313	73859584	LOC112447410	NC_037328.1
ATP13A4	+	73893496	74019830	ATP13A4	NC_037328.1
MIR2285BK	+	73941736	73941792	MIR2285BK	NC_037328.1
ATP13A5	+	74043227	74159777	ATP13A5	NC_037328.1
MB21D2	+	74489024	74609955	MB21D2	NC_037328.1
FGF12	+	74675841	75288330	FGF12	NC_037328.1
MIR10182	+	74829775	74829854	MIR10182	NC_037328.1
UTS2B	+	76047634	76063145	UTS2B	NC_037328.1
LOC101905532	+	76078648	76112954	LOC101905532	NC_037328.1
LOC614619	+	76124123	76130975	LOC614619	NC_037328.1
LOC132346267	+	76283586	76315747	LOC132346267	NC_037328.1
LOC112447424	+	76613467	76637510	LOC112447424	NC_037328.1
CLDN1	+	76973824	76989404	CLDN1	NC_037328.1
P3H2	+	77130195	77309576	P3H2	NC_037328.1
TRNAC-GCA-5	+	77150734	77150805	TRNAC-GCA	NC_037328.1
LOC132345651	+	77181866	77187996	LOC132345651	NC_037328.1
LOC132346268	+	78085272	78092380	LOC132346268	NC_037328.1
LOC132346251	+	78787082	78799446	LOC132346251	NC_037328.1
LOC100847148	+	79356878	79382806	LOC100847148	NC_037328.1
RTP2	+	79629615	79633348	RTP2	NC_037328.1
SST	+	79657922	79659364	SST	NC_037328.1
LOC132345653	+	80349298	80352098	LOC132345653	NC_037328.1
LOC132345654	+	80512575	80528629	LOC132345654	NC_037328.1
LOC101906884	+	80616378	80631419	LOC101906884	NC_037328.1
CRYGS	+	80690735	80696503	CRYGS	NC_037328.1
DGKG	+	80873660	81100111	DGKG	NC_037328.1
ETV5	+	81135305	81194599	ETV5	NC_037328.1
TRA2B	+	81288263	81307982	TRA2B	NC_037328.1
LIPH	+	81636711	81690206	LIPH	NC_037328.1
TMEM41A	+	81696439	81705118	TMEM41A	NC_037328.1
LOC132346097	+	81950652	81961088	LOC132346097	NC_037328.1
C1H3orf70	+	81984064	82104798	C1H3orf70	NC_037328.1
LOC132345657	+	82406782	82427940	LOC132345657	NC_037328.1
MAGEF1	+	82499645	82501239	MAGEF1	NC_037328.1
LOC524771	+	82703621	82705457	LOC524771	NC_037328.1
CLCN2	+	82830334	82844420	CLCN2	NC_037328.1
CAMK2N2	+	82918317	82920472	CAMK2N2	NC_037328.1
ALG3	+	82927902	82933236	ALG3	NC_037328.1
ABCC5	+	83122868	83205233	ABCC5	NC_037328.1
LOC504858	+	83232817	83233360	LOC504858	NC_037328.1
MAP6D1	+	83301403	83316398	MAP6D1	NC_037328.1
LOC104970931	+	83489263	83501380	LOC104970931	NC_037328.1
KLHL6	+	83545007	83601474	KLHL6	NC_037328.1
MCF2L2	+	83652611	83912356	MCF2L2	NC_037328.1
LAMP3	+	83922240	83953897	LAMP3	NC_037328.1
MCCC1	+	83960747	84019357	MCCC1	NC_037328.1
DCUN1D1	+	84042262	84077448	DCUN1D1	NC_037328.1
TRNAS-GGA-5	+	84309362	84309433	TRNAS-GGA	NC_037328.1
TRNAR-UCU	+	85120926	85120998	TRNAR-UCU	NC_037328.1
LOC132345662	+	85320139	85503563	LOC132345662	NC_037328.1
LOC132345660	+	85621713	85631077	LOC132345660	NC_037328.1
DNAJC19	+	86035467	86040736	DNAJC19	NC_037328.1
CCDC39	+	86318896	86371093	CCDC39	NC_037328.1
PEX5L	+	87028590	87382424	PEX5L	NC_037328.1
MRPL47	+	87518793	87536849	MRPL47	NC_037328.1
GNB4	+	87648301	87719294	GNB4	NC_037328.1
ZMAT3	+	88005950	88044844	ZMAT3	NC_037328.1
LOC112447549	+	88061582	88098171	LOC112447549	NC_037328.1
TRNAG-UCC-4	+	88086390	88086462	TRNAG-UCC	NC_037328.1
LOC132345669	+	88340844	88352944	LOC132345669	NC_037328.1
LOC132345671	+	88407982	88412293	LOC132345671	NC_037328.1
LOC112446999	+	88721127	88724545	LOC112446999	NC_037328.1
LOC112448298	+	89192312	89192414	LOC112448298	NC_037328.1
LOC104970949	+	89786212	89794968	LOC104970949	NC_037328.1
LOC112448382	+	91392558	91392661	LOC112448382	NC_037328.1
LOC112448332	+	92346997	92347093	LOC112448332	NC_037328.1
LOC112448319	+	92738800	92738928	LOC112448319	NC_037328.1
SPATA16	+	94320195	94597863	SPATA16	NC_037328.1
NCEH1	+	94818907	94882841	NCEH1	NC_037328.1
TNFSF10	+	94985321	95007592	TNFSF10	NC_037328.1
GHSR	+	95028001	95037403	GHSR	NC_037328.1
TRNAC-ACA-8	+	95075347	95075418	TRNAC-ACA	NC_037328.1
TNIK	+	96021916	96429398	TNIK	NC_037328.1
SLC2A2	+	96452898	96485585	SLC2A2	NC_037328.1
RPL22L1	+	96572445	96576821	RPL22L1	NC_037328.1
SLC7A14	+	96865068	96974743	SLC7A14	NC_037328.1
TRNAK-CUU	+	97177158	97177230	TRNAK-CUU	NC_037328.1
PHC3	+	97196186	97280116	PHC3	NC_037328.1
LOC112448328	+	97292056	97292182	LOC112448328	NC_037328.1
LRRC31	+	97512032	97541804	LRRC31	NC_037328.1
LRRC34	+	97562932	97581378	LRRC34	NC_037328.1
ACTRT3	+	97604227	97609720	ACTRT3	NC_037328.1
TERC	+	97612791	97613232	TERC	NC_037328.1
MECOM	+	97692514	98348909	MECOM	NC_037328.1
GOLIM4	+	99361832	99445684	GOLIM4	NC_037328.1
PDCD10	+	99744378	99795543	PDCD10	NC_037328.1
WDR49	+	99823248	99995156	WDR49	NC_037328.1
SERPINI2	+	99995832	100031889	SERPINI2	NC_037328.1
ZBBX	+	100081569	100206264	ZBBX	NC_037328.1
SLITRK3	+	102179247	102187839	SLITRK3	NC_037328.1
SI	+	102267974	102388511	SI	NC_037328.1
LOC112448289	+	104019355	104019460	LOC112448289	NC_037328.1
TRNAS-GGA-6	+	104392992	104393064	TRNAS-GGA	NC_037328.1
SPTSSB	+	106026847	106057316	SPTSSB	NC_037328.1
LOC539747	+	106144098	106146162	LOC539747	NC_037328.1
B3GALNT1	+	106346214	106378855	B3GALNT1	NC_037328.1
KPNA4	+	106925312	106985402	KPNA4	NC_037328.1
LOC112448335	+	106970727	106971049	LOC112448335	NC_037328.1
TRIM59	+	107029142	107044621	TRIM59	NC_037328.1
IFT80	+	107079005	107210812	IFT80	NC_037328.1
LOC101901911	+	108693601	108697298	LOC101901911	NC_037328.1
RARRES1	+	108807575	108849587	RARRES1	NC_037328.1
LXN	+	108867031	108874757	LXN	NC_037328.1
SHOX2	+	109415817	109428087	SHOX2	NC_037328.1
LOC112448363	+	110220176	110220282	LOC112448363	NC_037328.1
CCNL1	+	110447554	110463429	CCNL1	NC_037328.1
LOC101902535	+	110784872	110829278	LOC101902535	NC_037328.1
LOC132345801	+	111802298	111812083	LOC132345801	NC_037328.1
SLC33A1	+	111829274	111850039	SLC33A1	NC_037328.1
TRNAC-ACA-10	+	112080292	112080364	TRNAC-ACA	NC_037328.1
LOC100847501	+	112307218	112365702	LOC100847501	NC_037328.1
STRIT1	+	112365913	112369061	STRIT1	NC_037328.1
LOC112448311	+	112429019	112429155	LOC112448311	NC_037328.1
DHX36	+	113326616	113374141	DHX36	NC_037328.1
MIR1246	+	115884605	115884677	MIR1246	NC_037328.1
IGSF10	+	116619617	116652023	IGSF10	NC_037328.1
P2RY12	+	116694941	116747195	P2RY12	NC_037328.1
P2RY13	+	116756153	116758895	P2RY13	NC_037328.1
P2RY14	+	116814886	116879609	P2RY14	NC_037328.1
GPR171	+	116891760	116898287	GPR171	NC_037328.1
CLRN1	+	117161151	117204819	CLRN1	NC_037328.1
MINDY4B	+	117226999	117269192	MINDY4B	NC_037328.1
TRNAR-CCU-2	+	117392626	117392698	TRNAR-CCU	NC_037328.1
SERP1	+	117598268	117600552	SERP1	NC_037328.1
LOC104971004	+	117736909	117762311	LOC104971004	NC_037328.1
LOC101905340	+	118128112	118149627	LOC101905340	NC_037328.1
PFN2	+	118213373	118220079	PFN2	NC_037328.1
ANKUB1	+	118361951	118398483	ANKUB1	NC_037328.1
COMMD2	+	118403850	118414329	COMMD2	NC_037328.1
TRNAW-CCA-11	+	118487556	118487628	TRNAW-CCA	NC_037328.1
TM4SF1	+	118809503	118817969	TM4SF1	NC_037328.1
TM4SF18	+	118859228	118883979	TM4SF18	NC_037328.1
CPHL1	+	118899931	118943943	CPHL1	NC_037328.1
HLTF	+	119074210	119137650	HLTF	NC_037328.1
ZIC4	+	120888920	120924245	ZIC4	NC_037328.1
LOC112448342	+	121657262	121657456	LOC112448342	NC_037328.1
PLSCR1	+	122021884	122092796	PLSCR1	NC_037328.1
PLSCR4	+	122257891	122300148	PLSCR4	NC_037328.1
PLOD2	+	122349984	122471157	PLOD2	NC_037328.1
LOC112448367	+	124815435	124815541	LOC112448367	NC_037328.1
LOC132345853	+	124877717	124887432	LOC132345853	NC_037328.1
LOC100847509	+	124888420	124908339	LOC100847509	NC_037328.1
SLC9A9	+	125043158	125706585	SLC9A9	NC_037328.1
LOC112447746	+	125778271	125792625	LOC112447746	NC_037328.1
TRNAS-GGA-7	+	125959854	125959925	TRNAS-GGA	NC_037328.1
PAQR9	+	126039609	126042816	PAQR9	NC_037328.1
PCOLCE2	+	126132532	126231894	PCOLCE2	NC_037328.1
LOC100847999	+	126382677	126393372	LOC100847999	NC_037328.1
ATR	+	126471550	126592060	ATR	NC_037328.1
XRN1	+	126593233	126705440	XRN1	NC_037328.1
TFDP2	+	126827494	127032524	TFDP2	NC_037328.1
LOC511302	+	127034813	127036343	LOC511302	NC_037328.1
LOC101907823	+	128527376	128598866	LOC101907823	NC_037328.1
TRNAG-UCC-6	+	129201571	129201643	TRNAG-UCC	NC_037328.1
LOC112448327	+	129418733	129418862	LOC112448327	NC_037328.1
RBP1	+	129556754	129583703	RBP1	NC_037328.1
RBP2	+	129620257	129651655	RBP2	NC_037328.1
COPB2	+	129707549	129740550	COPB2	NC_037328.1
TRNAG-CCC-5	+	129801900	129801972	TRNAG-CCC	NC_037328.1
PRR23B	+	130032735	130034107	PRR23B	NC_037328.1
LOC616673	+	130056720	130058343	LOC616673	NC_037328.1
LOC616710	+	130112977	130114032	LOC616710	NC_037328.1
FOXL2	+	130185388	130186521	FOXL2	NC_037328.1
TRNAW-CCA-12	+	130216502	130216573	TRNAW-CCA	NC_037328.1
PIK3CB	+	130293123	130472309	PIK3CB	NC_037328.1
CEP70	+	130518808	130605188	CEP70	NC_037328.1
TRNAG-CCC-6	+	130652088	130652160	TRNAG-CCC	NC_037328.1
LOC132345897	+	130835220	130839894	LOC132345897	NC_037328.1
DBR1	+	130943030	130954779	DBR1	NC_037328.1
DZIP1L	+	131015474	131070191	DZIP1L	NC_037328.1
LOC107132214	+	131366469	131378162	LOC107132214	NC_037328.1
LOC100847791	+	132293183	132305533	LOC100847791	NC_037328.1
LOC112447834	+	132316553	132334094	LOC112447834	NC_037328.1
STAG1	+	132419442	132924458	STAG1	NC_037328.1
LOC132345898	+	133146884	133243392	LOC132345898	NC_037328.1
LOC132345899	+	133943624	133945334	LOC132345899	NC_037328.1
LOC132345900	+	134495175	134498832	LOC132345900	NC_037328.1
ANAPC13	+	134839085	134845010	ANAPC13	NC_037328.1
AMOTL2	+	134947984	134965901	AMOTL2	NC_037328.1
SLCO2A1	+	135336890	135423994	SLCO2A1	NC_037328.1
RAB6B	+	135468728	135527783	RAB6B	NC_037328.1
LOC112448307	+	135910534	135910669	LOC112448307	NC_037328.1
LOC101902787	+	136696228	136696970	LOC101902787	NC_037328.1
ACAD11	+	136906077	137025113	ACAD11	NC_037328.1
LOC132345904	+	137215418	137226636	LOC132345904	NC_037328.1
TRNAC-ACA-12	+	137595943	137596014	TRNAC-ACA	NC_037328.1
MRPL3	+	138384515	138441535	MRPL3	NC_037328.1
LOC104971058	+	138475796	138502093	LOC104971058	NC_037328.1
LOC112448300	+	138585598	138585704	LOC112448300	NC_037328.1
ASTE1	+	138838285	138861755	ASTE1	NC_037328.1
LOC132345905	+	139413106	139416511	LOC132345905	NC_037328.1
LOC132345906	+	139432270	139435368	LOC132345906	NC_037328.1
GET1	+	139443050	139458044	GET1	NC_037328.1
SH3BGR	+	139528818	139600036	SH3BGR	NC_037328.1
B3GALT5	+	139708712	139761153	B3GALT5	NC_037328.1
IGSF5	+	139827395	139882190	IGSF5	NC_037328.1
TRNAF-GAA-2	+	140956305	140956376	TRNAF-GAA	NC_037328.1
BACE2	+	141381597	141487147	BACE2	NC_037328.1
FAM3B	+	141551119	141618893	FAM3B	NC_037328.1
MX2	+	141621179	141656965	MX2	NC_037328.1
LOC783811	+	141861771	141862620	LOC783811	NC_037328.1
LOC782628	+	141872505	141872911	LOC782628	NC_037328.1
SLC37A1	+	142772305	142873919	SLC37A1	NC_037328.1
LOC101905728	+	142898038	142899020	LOC101905728	NC_037328.1
PDE9A	+	142930604	143034892	PDE9A	NC_037328.1
CRYAA	+	143317096	143319923	CRYAA	NC_037328.1
LOC112448267	+	143446448	143448311	LOC112448267	NC_037328.1
RRP1B	+	143729138	143753766	RRP1B	NC_037328.1
PDXK	+	143782398	143813210	PDXK	NC_037328.1
RRP1	+	143850742	143874772	RRP1	NC_037328.1
AGPAT3	+	143996689	144025714	AGPAT3	NC_037328.1
PWP2	+	144134123	144147949	PWP2	NC_037328.1
PFKL	+	144308777	144335971	PFKL	NC_037328.1
LRRC3	+	144424403	144426738	LRRC3	NC_037328.1
LOC100299102	+	144549130	144549957	LOC100299102	NC_037328.1
LOC616413	+	144569816	144571183	LOC616413	NC_037328.1
KRTAP12-2	+	144579697	144580390	KRTAP12-2	NC_037328.1
SLX9	+	144807666	144833726	SLX9	NC_037328.1
LOC101906512	+	144844233	144856479	LOC101906512	NC_037328.1
ADARB1	+	144937733	145054230	ADARB1	NC_037328.1
COL18A1	+	145202118	145296602	COL18A1	NC_037328.1
LOC132345988	+	145212262	145229603	LOC132345988	NC_037328.1
LOC100849587	+	145338029	145362279	LOC100849587	NC_037328.1
COL6A1	+	145668730	145687976	COL6A1	NC_037328.1
YBEY	+	145973214	145977561	YBEY	NC_037328.1
PCNT	+	146001757	146106232	PCNT	NC_037328.1
DIP2A	+	146121895	146243809	DIP2A	NC_037328.1
PRMT2	+	146299861	146345057	PRMT2	NC_037328.1
LOC101902630	+	146686009	146704817	LOC101902630	NC_037328.1
LOC101902902	+	146734316	146750631	LOC101902902	NC_037328.1
LOC132346140	+	146785823	146877770	LOC132346140	NC_037328.1
LOC112448042	+	147172837	147198378	LOC112448042	NC_037328.1
LOC112448053	+	147947520	147959066	LOC112448053	NC_037328.1
CBR1	+	148346840	148353635	CBR1	NC_037328.1
LOC112441473	+	148359085	148363908	LOC112441473	NC_037328.1
MGC127133	+	148405188	148407258	MGC127133	NC_037328.1
CBR3	+	148440916	148450703	CBR3	NC_037328.1
DOP1B	+	148460232	148591093	DOP1B	NC_037328.1
LOC101904468	+	148474847	148475506	LOC101904468	NC_037328.1
SIM2	+	148972821	149026453	SIM2	NC_037328.1
LOC112448075	+	149231503	149236206	LOC112448075	NC_037328.1
RIPPLY3	+	149258927	149270050	RIPPLY3	NC_037328.1
LOC132346063	+	149282304	149282888	LOC132346063	NC_037328.1
TTC3	+	149318039	149437821	TTC3	NC_037328.1
KCNJ15	+	150539862	150597398	KCNJ15	NC_037328.1
ETS2	+	151162151	151181633	ETS2	NC_037328.1
LOC132346084	+	151229154	151246918	LOC132346084	NC_037328.1
LOC132346086	+	151348501	151357587	LOC132346086	NC_037328.1
LOC132346085	+	151414240	151417446	LOC132346085	NC_037328.1
PIK3R4	+	151476132	151562596	PIK3R4	NC_037328.1
CAPN7	+	152232450	152284439	CAPN7	NC_037328.1
LOC107132228	+	152412929	152413303	LOC107132228	NC_037328.1
EAF1	+	152450841	152463273	EAF1	NC_037328.1
LOC100848527	+	152916144	152926145	LOC100848527	NC_037328.1
MIR2285AO-2	+	152962179	152962240	MIR2285AO-2	NC_037328.1
LOC101907539	+	153003495	153022557	LOC101907539	NC_037328.1
GALNT15	+	153178765	153226107	GALNT15	NC_037328.1
OXNAD1	+	153266757	153318616	OXNAD1	NC_037328.1
LOC112448153	+	153553783	153566085	LOC112448153	NC_037328.1
LOC101907852	+	153832307	153872660	LOC101907852	NC_037328.1
PLCL2	+	153882096	154095595	PLCL2	NC_037328.1
LOC132346087	+	154801609	154804459	LOC132346087	NC_037328.1
LOC101908237	+	155531565	155578881	LOC101908237	NC_037328.1
KCNH8	+	156340271	156844230	KCNH8	NC_037328.1
RAB5A	+	157198540	157232078	RAB5A	NC_037328.1
KAT2B	+	157277403	157375770	KAT2B	NC_037328.1
LOC132346090	+	157370100	157372663	LOC132346090	NC_037328.1
LOC132346091	+	157505010	157550883	LOC132346091	NC_037328.1
LOC538060	+	157728743	157746118	LOC538060	NC_037328.1
LOC132342107	+	157751016	157762746	LOC132342107	NC_037328.1
TRNAT-UGU	+	157982832	157982905	TRNAT-UGU	NC_037328.1
TRNAR-UCG	+	157988436	157988508	TRNAR-UCG	NC_037328.1
TRNAA-AGC	+	158044572	158044644	TRNAA-AGC	NC_037328.1
TRNAT-CGU	+	158045146	158045219	TRNAT-CGU	NC_037328.1
TRNAT-UGU-2	+	158057151	158057224	TRNAT-UGU	NC_037328.1
OR2B28	+	158063320	158064264	OR2B28	NC_037328.1
TRNAF-GAA-3	+	158065542	158065614	TRNAF-GAA	NC_037328.1
ZSCAN23	+	158070293	158088441	ZSCAN23	NC_037328.1
LOC132346092	+	158359888	158365603	LOC132346092	NC_037328.1
ASMT	+	158390488	158416256	ASMT	NC_037328.1
LGSN	+	315116	382536	LGSN	NC_037329.1
TRNAE-CUC-2	+	898055	898127	TRNAE-CUC	NC_037329.1
NIPA1	+	989599	1039721	NIPA1	NC_037329.1
NIPA2	+	1044524	1066244	NIPA2	NC_037329.1
IMP4	+	1318420	1323396	IMP4	NC_037329.1
PTPN18	+	1323617	1353202	PTPN18	NC_037329.1
AMER3	+	1468687	1477010	AMER3	NC_037329.1
ARHGEF4	+	1533321	1864857	ARHGEF4	NC_037329.1
PLEKHB2	+	1920545	1969797	PLEKHB2	NC_037329.1
LOC132342891	+	1983621	1995912	LOC132342891	NC_037329.1
LOC112443699	+	2097072	2097178	LOC112443699	NC_037329.1
TRNAC-ACA-13	+	2110338	2110409	TRNAC-ACA	NC_037329.1
TRNAC-ACA-14	+	3411741	3411812	TRNAC-ACA	NC_037329.1
AMMECR1L	+	4601089	4621044	AMMECR1L	NC_037329.1
POLR2D	+	4623450	4635167	POLR2D	NC_037329.1
WDR33	+	4676998	4787575	WDR33	NC_037329.1
IWS1	+	5012286	5061593	IWS1	NC_037329.1
TRNAE-UUC-9	+	5051500	5051571	TRNAE-UUC	NC_037329.1
MAP3K2	+	5150448	5248225	MAP3K2	NC_037329.1
ERCC3	+	5248743	5279068	ERCC3	NC_037329.1
MIR2285AA	+	5273102	5273163	MIR2285AA	NC_037329.1
CYP27C1	+	5297245	5319555	CYP27C1	NC_037329.1
LOC524236	+	5412767	5415253	LOC524236	NC_037329.1
MIR2350	+	5466022	5466097	MIR2350	NC_037329.1
LOC132342935	+	5501721	5512102	LOC132342935	NC_037329.1
LOC112442302	+	5555229	5583388	LOC112442302	NC_037329.1
NEMP2	+	5786356	5824425	NEMP2	NC_037329.1
HIBCH	+	5980871	6136345	HIBCH	NC_037329.1
LOC132342937	+	6414962	6422815	LOC132342937	NC_037329.1
ORMDL1	+	6572135	6584585	ORMDL1	NC_037329.1
OSGEPL1	+	6592659	6603565	OSGEPL1	NC_037329.1
SLC40A1	+	6776328	6800162	SLC40A1	NC_037329.1
LOC100848294	+	6861301	6885653	LOC100848294	NC_037329.1
LOC101905730	+	6975999	7066706	LOC101905730	NC_037329.1
LOC132342939	+	7066723	7077798	LOC132342939	NC_037329.1
LOC132342940	+	7198346	7281305	LOC132342940	NC_037329.1
MIR2917	+	7272946	7273025	MIR2917	NC_037329.1
TFPI	+	8776963	8874440	TFPI	NC_037329.1
CALCRL	+	8891723	9020443	CALCRL	NC_037329.1
ZSWIM2	+	9491627	9512830	ZSWIM2	NC_037329.1
TRNAG-ACC	+	11903552	11903625	TRNAG-ACC	NC_037329.1
LOC112443657	+	12812015	12812148	LOC112443657	NC_037329.1
TRNAC-ACA-15	+	13119511	13119582	TRNAC-ACA	NC_037329.1
NCKAP1	+	13530990	13636768	NCKAP1	NC_037329.1
LOC112443719	+	13735951	13736057	LOC112443719	NC_037329.1
PDE1A	+	14053224	14453673	PDE1A	NC_037329.1
NEUROD1	+	14919151	14926106	NEUROD1	NC_037329.1
CERKL	+	14941494	15084106	CERKL	NC_037329.1
LOC112442540	+	15356793	15359318	LOC112442540	NC_037329.1
LOC101905824	+	15535410	15559893	LOC101905824	NC_037329.1
CWC22	+	16813859	16876096	CWC22	NC_037329.1
LOC132343570	+	16957108	17075916	LOC132343570	NC_037329.1
LOC112443634	+	16965555	16965690	LOC112443634	NC_037329.1
ZNF385B	+	17075885	17442243	ZNF385B	NC_037329.1
SESTD1	+	17618728	17771677	SESTD1	NC_037329.1
CCDC141	+	17799218	18025753	CCDC141	NC_037329.1
LOC112443714	+	18028044	18028147	LOC112443714	NC_037329.1
LOC112442545	+	18118726	18124546	LOC112442545	NC_037329.1
FKBP7	+	18418695	18426418	FKBP7	NC_037329.1
PRKRA	+	18437895	18454685	PRKRA	NC_037329.1
CYCT	+	18783703	18802815	CYCT	NC_037329.1
PDE11A	+	18826605	19250049	PDE11A	NC_037329.1
IFT70A	+	19259234	19262168	IFT70A	NC_037329.1
IFT70B	+	19325706	19328346	IFT70B	NC_037329.1
TRNAR-ACG-2	+	19421155	19421226	TRNAR-ACG	NC_037329.1
NFE2L2	+	19617016	19649649	NFE2L2	NC_037329.1
LOC112442549	+	20259267	20275972	LOC112442549	NC_037329.1
LOC112442550	+	20278236	20293632	LOC112442550	NC_037329.1
TRNAC-ACA-17	+	20551891	20551962	TRNAC-ACA	NC_037329.1
LOC132342956	+	20815201	20816785	LOC132342956	NC_037329.1
EVX2	+	20829128	20832971	EVX2	NC_037329.1
LOC112442315	+	21061621	21065228	LOC112442315	NC_037329.1
ATF2	+	21711937	21795304	ATF2	NC_037329.1
CHRNA1	+	22084351	22103937	CHRNA1	NC_037329.1
WIPF1	+	22130119	22259091	WIPF1	NC_037329.1
GPR155	+	22319684	22360233	GPR155	NC_037329.1
CIR1	+	22397308	22439127	CIR1	NC_037329.1
LOC132342957	+	22450412	22451556	LOC132342957	NC_037329.1
SP3	+	22797242	22855038	SP3	NC_037329.1
LOC104971159	+	23622185	23630927	LOC104971159	NC_037329.1
TRNAG-UCC-9	+	24011434	24011506	TRNAG-UCC	NC_037329.1
LOC112443693	+	24080798	24080904	LOC112443693	NC_037329.1
LOC132342958	+	24211186	24231199	LOC132342958	NC_037329.1
DLX2	+	24448625	24450898	DLX2	NC_037329.1
SLC25A12	+	24637412	24736034	SLC25A12	NC_037329.1
LOC784052	+	24844164	24844598	LOC784052	NC_037329.1
METTL8	+	25029356	25113419	METTL8	NC_037329.1
TRNAY-AUA	+	25420521	25420592	TRNAY-AUA	NC_037329.1
LOC112442556	+	26151054	26168710	LOC112442556	NC_037329.1
LOC112443627	+	26286131	26286238	LOC112443627	NC_037329.1
METTL5	+	26534973	26545293	METTL5	NC_037329.1
CFAP210	+	26618728	26643277	CFAP210	NC_037329.1
FASTKD1	+	26694291	26730925	FASTKD1	NC_037329.1
LOC112443678	+	26713498	26713604	LOC112443678	NC_037329.1
ABCB11	+	27112431	27212722	ABCB11	NC_037329.1
MIR2285W	+	29049864	29049946	MIR2285W	NC_037329.1
SCN7A	+	29818734	29899887	SCN7A	NC_037329.1
SCN9A	+	29924631	30089670	SCN9A	NC_037329.1
LOC780963	+	29991119	29995765	LOC780963	NC_037329.1
SCN1A	+	30163817	30320876	SCN1A	NC_037329.1
GALNT3	+	30517055	30570302	GALNT3	NC_037329.1
LOC132342961	+	30618535	30628281	LOC132342961	NC_037329.1
SCN3A	+	31064124	31185537	SCN3A	NC_037329.1
LOC112443710	+	31419404	31419510	LOC112443710	NC_037329.1
COBLL1	+	31429939	31597843	COBLL1	NC_037329.1
LOC107132251	+	31624174	31637760	LOC107132251	NC_037329.1
GRB14	+	31681727	31810646	GRB14	NC_037329.1
FIGN	+	32625884	32756906	FIGN	NC_037329.1
LOC107131350	+	32811841	32849136	LOC107131350	NC_037329.1
LOC132342962	+	33917961	33923858	LOC132342962	NC_037329.1
KCNH7	+	33932945	34064766	KCNH7	NC_037329.1
LOC112443621	+	34079005	34079107	LOC112443621	NC_037329.1
IFIH1	+	34111416	34167089	IFIH1	NC_037329.1
DPP4	+	34382851	34467589	DPP4	NC_037329.1
TRNAE-UUC-10	+	35091470	35091542	TRNAE-UUC	NC_037329.1
LOC132342965	+	35154566	35157802	LOC132342965	NC_037329.1
RBMS1	+	35855075	36076913	RBMS1	NC_037329.1
ITGB6	+	36097355	36248576	ITGB6	NC_037329.1
PLA2R1	+	36271761	36405254	PLA2R1	NC_037329.1
LOC112443655	+	36398029	36398164	LOC112443655	NC_037329.1
CD302	+	36553606	36579202	CD302	NC_037329.1
BAZ2B	+	36715358	37047073	BAZ2B	NC_037329.1
WDSUB1	+	37062480	37131135	WDSUB1	NC_037329.1
LOC132342966	+	37646725	37659098	LOC132342966	NC_037329.1
CCDC148	+	37902774	38200664	CCDC148	NC_037329.1
LOC112443682	+	38041545	38041692	LOC112443682	NC_037329.1
LOC112443616	+	38379710	38379816	LOC112443616	NC_037329.1
ACVR1	+	38466792	38597896	ACVR1	NC_037329.1
ERMN	+	39011315	39016776	ERMN	NC_037329.1
LOC132342967	+	39060074	39073583	LOC132342967	NC_037329.1
TRNAC-ACA-18	+	39302771	39302842	TRNAC-ACA	NC_037329.1
LOC112442329	+	39589923	39599827	LOC112442329	NC_037329.1
TRNAG-GCC-3	+	39839393	39839463	TRNAG-GCC	NC_037329.1
NR4A2	+	39888135	39906254	NR4A2	NC_037329.1
RPRM	+	42650738	42652184	RPRM	NC_037329.1
LOC112442331	+	42669193	42689599	LOC112442331	NC_037329.1
TRNAY-GUA-5	+	43452579	43452650	TRNAY-GUA	NC_037329.1
PRPF40A	+	43470302	43528881	PRPF40A	NC_037329.1
STAM2	+	44006701	44068192	STAM2	NC_037329.1
CACNB4	+	44070320	44351469	CACNB4	NC_037329.1
NEB	+	44433052	44652241	NEB	NC_037329.1
NMI	+	44826376	44846381	NMI	NC_037329.1
RBM43	+	44857602	44869114	RBM43	NC_037329.1
RND3	+	45698139	45719680	RND3	NC_037329.1
LOC132343576	+	46005467	46014467	LOC132343576	NC_037329.1
MMADHC	+	46549744	46565934	MMADHC	NC_037329.1
LOC104971213	+	46754110	46786573	LOC104971213	NC_037329.1
TRNAS-GGA-9	+	46791155	46791226	TRNAS-GGA	NC_037329.1
MIR2354	+	47355913	47355987	MIR2354	NC_037329.1
LOC615626	+	47896053	47897091	LOC615626	NC_037329.1
ORC4	+	48181499	48278412	ORC4	NC_037329.1
LOC132343013	+	48482152	48507901	LOC132343013	NC_037329.1
LOC112442629	+	48921311	49079875	LOC112442629	NC_037329.1
LOC132343015	+	51580990	51600792	LOC132343015	NC_037329.1
LOC101904069	+	52169512	52170787	LOC101904069	NC_037329.1
ZEB2	+	52173847	52310458	ZEB2	NC_037329.1
GTDC1	+	52372155	52868342	GTDC1	NC_037329.1
LOC104971224	+	53231267	53243869	LOC104971224	NC_037329.1
LOC132343034	+	54611068	55892873	LOC132343034	NC_037329.1
LOC132342825	+	55952035	56039463	LOC132342825	NC_037329.1
LOC132343031	+	56049522	56069010	LOC132343031	NC_037329.1
NXPH2	+	58351070	58477701	NXPH2	NC_037329.1
LOC112442641	+	58611010	58740016	LOC112442641	NC_037329.1
LOC132343058	+	59635719	59652415	LOC132343058	NC_037329.1
LOC112442659	+	59682210	59685249	LOC112442659	NC_037329.1
LOC785761	+	60302890	60304264	LOC785761	NC_037329.1
CXCR4	+	61250149	61253862	CXCR4	NC_037329.1
DARS1	+	61390819	61455933	DARS1	NC_037329.1
MCM6	+	61489675	61524287	MCM6	NC_037329.1
LCT	+	61535026	61583839	LCT	NC_037329.1
LOC132342829	+	61617895	61619689	LOC132342829	NC_037329.1
LOC112442348	+	61625976	61629727	LOC112442348	NC_037329.1
ZRANB3	+	61800651	62104335	ZRANB3	NC_037329.1
MAP3K19	+	62253271	62314262	MAP3K19	NC_037329.1
TMEM163	+	62450488	62782412	TMEM163	NC_037329.1
LOC112443673	+	63480121	63480246	LOC112443673	NC_037329.1
LOC112442684	+	63489157	63532083	LOC112442684	NC_037329.1
NCKAP5	+	63770992	64873405	NCKAP5	NC_037329.1
LYPD1	+	64874948	64943609	LYPD1	NC_037329.1
LOC112442697	+	65465298	65504861	LOC112442697	NC_037329.1
ACTR3	+	65522586	65569993	ACTR3	NC_037329.1
LOC112443654	+	68417965	68418094	LOC112443654	NC_037329.1
DDX18	+	69496303	69512925	DDX18	NC_037329.1
LOC523484	+	69534929	69561237	LOC523484	NC_037329.1
INSIG2	+	69756884	69779356	INSIG2	NC_037329.1
LOC100848049	+	70058929	70068263	LOC100848049	NC_037329.1
STEAP3	+	71009628	71061343	STEAP3	NC_037329.1
DBI	+	71192388	71197568	DBI	NC_037329.1
CFAP221	+	71336571	71470208	CFAP221	NC_037329.1
TMEM177	+	71465165	71482235	TMEM177	NC_037329.1
PTPN4	+	71547187	71737731	PTPN4	NC_037329.1
LOC112443684	+	71862812	71862949	LOC112443684	NC_037329.1
RALB	+	71941021	72016196	RALB	NC_037329.1
INHBB	+	72108054	72113653	INHBB	NC_037329.1
GLI2	+	72492719	72753985	GLI2	NC_037329.1
LOC132343143	+	72758234	72761906	LOC132343143	NC_037329.1
TSN	+	73408325	73416299	TSN	NC_037329.1
LOC112442355	+	73805067	73806114	LOC112442355	NC_037329.1
LOC132343145	+	73860372	73864201	LOC132343145	NC_037329.1
CNTNAP5	+	75888297	76928338	CNTNAP5	NC_037329.1
TRNAS-GGA-10	+	76013017	76013088	TRNAS-GGA	NC_037329.1
LOC782779	+	77047220	77048689	LOC782779	NC_037329.1
TEX51	+	79180036	79183206	TEX51	NC_037329.1
GLS	+	79427698	79515093	GLS	NC_037329.1
LOC104971266	+	79560204	79576230	LOC104971266	NC_037329.1
NABP1	+	80264740	80298468	NABP1	NC_037329.1
LOC132342842	+	81243043	81260072	LOC132342842	NC_037329.1
SLC39A10	+	84214346	84376926	SLC39A10	NC_037329.1
LOC112442802	+	84754763	84760308	LOC112442802	NC_037329.1
TRNAW-CCA-17	+	84972002	84972074	TRNAW-CCA	NC_037329.1
CCDC150	+	85242061	85328182	CCDC150	NC_037329.1
COQ10B	+	86007358	86024344	COQ10B	NC_037329.1
LOC112443619	+	86018859	86018960	LOC112443619	NC_037329.1
MOB4	+	86060818	86090535	MOB4	NC_037329.1
MARS2	+	86189671	86191914	MARS2	NC_037329.1
PLCL1	+	86319184	86687441	PLCL1	NC_037329.1
LOC112443615	+	87598682	87598784	LOC112443615	NC_037329.1
LOC112442950	+	88041666	88045013	LOC112442950	NC_037329.1
MAIP1	+	88519695	88531251	MAIP1	NC_037329.1
HIST2H3D	+	88751566	88752015	HIST2H3D	NC_037329.1
SPATS2L	+	88833500	89024391	SPATS2L	NC_037329.1
SGO2	+	89070529	89099327	SGO2	NC_037329.1
AOX1	+	89102187	89173909	AOX1	NC_037329.1
AOX4	+	89283675	89354608	AOX4	NC_037329.1
BZW1	+	89470523	89485968	BZW1	NC_037329.1
NIF3L1	+	89530588	89550470	NIF3L1	NC_037329.1
LOC112443626	+	89626691	89626795	LOC112443626	NC_037329.1
CFLAR	+	89704174	89762443	CFLAR	NC_037329.1
LOC100848685	+	89796308	89804323	LOC100848685	NC_037329.1
STRADB	+	90008748	90039906	STRADB	NC_037329.1
LOC112443617	+	90198785	90198888	LOC112443617	NC_037329.1
CDK15	+	90336167	90432792	CDK15	NC_037329.1
FZD7	+	90571270	90573476	FZD7	NC_037329.1
KIAA2012	+	90610968	90737262	KIAA2012	NC_037329.1
LOC112443644	+	90741485	90741569	LOC112443644	NC_037329.1
NOP58	+	90787057	90810887	NOP58	NC_037329.1
LOC112443666	+	90793056	90793144	LOC112443666	NC_037329.1
LOC112443665	+	90793916	90794002	LOC112443665	NC_037329.1
LOC112443676	+	90803341	90803426	LOC112443676	NC_037329.1
LOC112443674	+	90804129	90804212	LOC112443674	NC_037329.1
BMPR2	+	90864689	91017391	BMPR2	NC_037329.1
CARF	+	91230567	91310808	CARF	NC_037329.1
ABI2	+	91544984	91646688	ABI2	NC_037329.1
CD28	+	91906337	91939865	CD28	NC_037329.1
CTLA4	+	92070411	92078631	CTLA4	NC_037329.1
ICOS	+	92144638	92169894	ICOS	NC_037329.1
LOC112443624	+	92651773	92651878	LOC112443624	NC_037329.1
LOC112442244	+	92792979	92793682	LOC112442244	NC_037329.1
PARD3B	+	92793498	93960680	PARD3B	NC_037329.1
NRP2	+	94027746	94147954	NRP2	NC_037329.1
LOC112443614	+	94039647	94039810	LOC112443614	NC_037329.1
LOC112442246	+	94416542	94465669	LOC112442246	NC_037329.1
TRNAC-GCA-13	+	94420376	94420448	TRNAC-GCA	NC_037329.1
EEF1B2	+	94490099	94493384	EEF1B2	NC_037329.1
LOC112443650	+	94492348	94492426	LOC112443650	NC_037329.1
LOC112443651	+	94492698	94492831	LOC112443651	NC_037329.1
ZDBF2	+	94607844	94626789	ZDBF2	NC_037329.1
LOC112442953	+	94640129	94684177	LOC112442953	NC_037329.1
LOC104971292	+	94738318	94739643	LOC104971292	NC_037329.1
FASTKD2	+	95064720	95085012	FASTKD2	NC_037329.1
CPO	+	95234725	95266753	CPO	NC_037329.1
LOC100847666	+	95638704	95671172	LOC100847666	NC_037329.1
CREB1	+	95864818	95897170	CREB1	NC_037329.1
LOC132343233	+	95979355	95983838	LOC132343233	NC_037329.1
CCNYL1	+	95992634	96029605	CCNYL1	NC_037329.1
LOC784843	+	96390251	96390635	LOC784843	NC_037329.1
LOC104971301	+	96455031	96461557	LOC104971301	NC_037329.1
PTH2R	+	96667750	96751783	PTH2R	NC_037329.1
LOC112442978	+	97045230	97051282	LOC112442978	NC_037329.1
UNC80	+	97594468	97825038	UNC80	NC_037329.1
RPE	+	97826502	97848504	RPE	NC_037329.1
LOC101906200	+	98069881	98070964	LOC101906200	NC_037329.1
SPAG16	+	101338458	102406437	SPAG16	NC_037329.1
VWC2L	+	102407030	102621402	VWC2L	NC_037329.1
ATIC	+	103327789	103350913	ATIC	NC_037329.1
XRCC5	+	104134306	104220972	XRCC5	NC_037329.1
SMARCAL1	+	104420536	104474264	SMARCAL1	NC_037329.1
RPL37A	+	104487411	104490033	RPL37A	NC_037329.1
IGFBP2	+	104619962	104648632	IGFBP2	NC_037329.1
TRNAS-GGA-13	+	104716418	104716489	TRNAS-GGA	NC_037329.1
TRNAY-GUA-6	+	104766981	104767053	TRNAY-GUA	NC_037329.1
LOC112443118	+	104870829	104872083	LOC112443118	NC_037329.1
LOC101905680	+	104905292	104932823	LOC101905680	NC_037329.1
TRNAY-GUA-7	+	105124323	105124394	TRNAY-GUA	NC_037329.1
LOC132343295	+	106087295	106093121	LOC132343295	NC_037329.1
RUFY4	+	106154043	106175952	RUFY4	NC_037329.1
CXCR2	+	106184638	106194129	CXCR2	NC_037329.1
ARPC2	+	106256774	106284391	ARPC2	NC_037329.1
LOC112443653	+	106259878	106260014	LOC112443653	NC_037329.1
GPBAR1	+	106290010	106293245	GPBAR1	NC_037329.1
PNKD	+	106298904	106371799	PNKD	NC_037329.1
CATIP	+	106378301	106384425	CATIP	NC_037329.1
CTDSP1	+	106408312	106417683	CTDSP1	NC_037329.1
MIR26B	+	106411186	106411270	MIR26B	NC_037329.1
CNOT9	+	106533322	106566527	CNOT9	NC_037329.1
PLCD4	+	106573805	106598626	PLCD4	NC_037329.1
BCS1L	+	106618314	106623101	BCS1L	NC_037329.1
CYP27A1	+	106740008	106782299	CYP27A1	NC_037329.1
LOC101906064	+	106793404	106798451	LOC101906064	NC_037329.1
WNT6	+	106822096	106834781	WNT6	NC_037329.1
WNT10A	+	106841901	106855595	WNT10A	NC_037329.1
CDK5R2	+	106898841	106901385	CDK5R2	NC_037329.1
RETREG2	+	107127620	107133526	RETREG2	NC_037329.1
ZFAND2B	+	107159148	107162020	ZFAND2B	NC_037329.1
ANKZF1	+	107179910	107186464	ANKZF1	NC_037329.1
STK16	+	107194873	107198251	STK16	NC_037329.1
TUBA1D	+	107214523	107220491	TUBA1D	NC_037329.1
DNAJB2	+	107227606	107234944	DNAJB2	NC_037329.1
DES	+	107351886	107358961	DES	NC_037329.1
SPEG	+	107365619	107424250	SPEG	NC_037329.1
SPEGNB	+	107423764	107428876	SPEGNB	NC_037329.1
GMPPA	+	107429474	107436451	GMPPA	NC_037329.1
ASIC4	+	107439744	107466734	ASIC4	NC_037329.1
TMEM198	+	107472407	107478574	TMEM198	NC_037329.1
LOC132343298	+	107480296	107484552	LOC132343298	NC_037329.1
INHA	+	107501829	107504802	INHA	NC_037329.1
SLC4A3	+	107548717	107563078	SLC4A3	NC_037329.1
LOC104971315	+	109526083	109531513	LOC104971315	NC_037329.1
LOC104969778	+	110494098	110494762	LOC104969778	NC_037329.1
SGPP2	+	110589724	110737499	SGPP2	NC_037329.1
LOC538702	+	110840470	110842314	LOC538702	NC_037329.1
MOGAT1	+	110843851	110873230	MOGAT1	NC_037329.1
ACSL3	+	111037664	111113609	ACSL3	NC_037329.1
KCNE4	+	111212142	111215329	KCNE4	NC_037329.1
LOC112442388	+	111647987	111656439	LOC112442388	NC_037329.1
MRPL44	+	112068965	112076913	MRPL44	NC_037329.1
LOC132343300	+	112699950	112702713	LOC132343300	NC_037329.1
NYAP2	+	113534930	113856800	NYAP2	NC_037329.1
COL4A3	+	115318013	115478018	COL4A3	NC_037329.1
MFF	+	115486532	115515501	MFF	NC_037329.1
AGFG1	+	115630066	115704748	AGFG1	NC_037329.1
LOC132343302	+	115757211	115760540	LOC132343302	NC_037329.1
MIR2285AO-1	+	115758046	115758105	MIR2285AO-1	NC_037329.1
LOC132343304	+	115807345	115809123	LOC132343304	NC_037329.1
LOC132343594	+	115863337	115864770	LOC132343594	NC_037329.1
CCL20	+	115948072	115951638	CCL20	NC_037329.1
DAW1	+	115992665	116028261	DAW1	NC_037329.1
LOC112443603	+	117416489	117416597	LOC112443603	NC_037329.1
LOC132342862	+	117960599	117962357	LOC132342862	NC_037329.1
FBXO36	+	117962239	118082041	FBXO36	NC_037329.1
LOC132343306	+	117963282	118011122	LOC132343306	NC_037329.1
LOC112443734	+	117966143	117966246	LOC112443734	NC_037329.1
GPR148	+	118130539	118158201	GPR148	NC_037329.1
SP100	+	118326352	118349994	SP100	NC_037329.1
SP140L	+	118362310	118396698	SP140L	NC_037329.1
CAB39	+	118530388	118632801	CAB39	NC_037329.1
ITM2C	+	118666252	118680137	ITM2C	NC_037329.1
LOC112443695	+	118701608	118701714	LOC112443695	NC_037329.1
SPATA3	+	118803706	118824722	SPATA3	NC_037329.1
C2H2orf72	+	118846994	118856610	C2H2orf72	NC_037329.1
PSMD1	+	118865176	118946609	PSMD1	NC_037329.1
ARMC9	+	118967316	119146148	ARMC9	NC_037329.1
B3GNT7	+	119175378	119180090	B3GNT7	NC_037329.1
TEX44	+	119331291	119332549	TEX44	NC_037329.1
LOC101905734	+	119396355	119401334	LOC101905734	NC_037329.1
TRNAK-UUU-7	+	119475270	119475342	TRNAK-UUU	NC_037329.1
DIS3L2	+	119630460	119991754	DIS3L2	NC_037329.1
LOC516378	+	120038240	120042643	LOC516378	NC_037329.1
LOC528262	+	120062096	120065829	LOC528262	NC_037329.1
ALPI	+	120096973	120100228	ALPI	NC_037329.1
LOC100125266	+	120102431	120106298	LOC100125266	NC_037329.1
PRSS56	+	120160888	120166698	PRSS56	NC_037329.1
CHRNG	+	120180193	120185721	CHRNG	NC_037329.1
LOC101906781	+	120255383	120273611	LOC101906781	NC_037329.1
PHC2	+	120279449	120393885	PHC2	NC_037329.1
A3GALT2	+	120398614	120405588	A3GALT2	NC_037329.1
TRIM62	+	120514984	120552830	TRIM62	NC_037329.1
LOC112443187	+	120612277	120613061	LOC112443187	NC_037329.1
AK2	+	120653550	120677181	AK2	NC_037329.1
RNF19B	+	120719524	120743308	RNF19B	NC_037329.1
TMEM54	+	120773209	120780412	TMEM54	NC_037329.1
FNDC5	+	120805277	120807584	FNDC5	NC_037329.1
YARS1	+	120849176	120881197	YARS1	NC_037329.1
SYNC	+	120951772	120970267	SYNC	NC_037329.1
ZBTB8OS	+	120986516	121001274	ZBTB8OS	NC_037329.1
FAM229A	+	121201977	121202927	FAM229A	NC_037329.1
MARCKSL1	+	121223038	121225408	MARCKSL1	NC_037329.1
LOC521746	+	121291108	121298200	LOC521746	NC_037329.1
TMEM234	+	121306084	121311473	TMEM234	NC_037329.1
CLDN12	+	121402061	121416393	CLDN12	NC_037329.1
SHOX	+	121446638	121458374	SHOX	NC_037329.1
LOC112442278	+	121570364	121574976	LOC112442278	NC_037329.1
LOC112443213	+	121743392	121782866	LOC112443213	NC_037329.1
PTP4A2	+	121791275	121819537	PTP4A2	NC_037329.1
LOC112443216	+	121800989	121802533	LOC112443216	NC_037329.1
TRNAG-GCC-4	+	121844919	121844990	TRNAG-GCC	NC_037329.1
ADGRB2	+	121953137	121990029	ADGRB2	NC_037329.1
COL16A1	+	122012360	122068562	COL16A1	NC_037329.1
PEF1	+	122077535	122095615	PEF1	NC_037329.1
LOC101902428	+	122111494	122132134	LOC101902428	NC_037329.1
LOC112443306	+	122299839	122319973	LOC112443306	NC_037329.1
SNRNP40	+	122347180	122372984	SNRNP40	NC_037329.1
NKAIN1	+	122393485	122439161	NKAIN1	NC_037329.1
LOC101902958	+	122445958	122451386	LOC101902958	NC_037329.1
PUM1	+	122527999	122653986	PUM1	NC_037329.1
LOC112443646	+	122617294	122617370	LOC112443646	NC_037329.1
LOC112443645	+	122637357	122637439	LOC112443645	NC_037329.1
SDC3	+	122667127	122702779	SDC3	NC_037329.1
LOC132343441	+	122715870	122719765	LOC132343441	NC_037329.1
LOC132343443	+	122766006	122775640	LOC132343443	NC_037329.1
TRNAC-GCA-16	+	122806646	122806718	TRNAC-GCA	NC_037329.1
LOC112442418	+	122928842	122930590	LOC112442418	NC_037329.1
LOC132343604	+	123247694	123250639	LOC132343604	NC_037329.1
MECR	+	124332566	124368422	MECR	NC_037329.1
LOC112443602	+	124334025	124334128	LOC112443602	NC_037329.1
SRSF4	+	124375055	124400705	SRSF4	NC_037329.1
TMEM200B	+	124425343	124429820	TMEM200B	NC_037329.1
LOC112443715	+	124749845	124749951	LOC112443715	NC_037329.1
LOC132343445	+	124792031	124797865	LOC132343445	NC_037329.1
TAF12	+	124810130	124834314	TAF12	NC_037329.1
SNHG12	+	124850784	124854008	SNHG12	NC_037329.1
LOC112443648	+	124852030	124852164	LOC112443648	NC_037329.1
LOC112443659	+	124853002	124853127	LOC112443659	NC_037329.1
LOC104971346	+	125015734	125016747	LOC104971346	NC_037329.1
LOC104971345	+	125031777	125059272	LOC104971345	NC_037329.1
LOC613756	+	125045131	125045697	LOC613756	NC_037329.1
LOC112443664	+	125062291	125062404	LOC112443664	NC_037329.1
DNAJC8	+	125150804	125175523	DNAJC8	NC_037329.1
LOC107131363	+	125181866	125192737	LOC107131363	NC_037329.1
EYA3	+	125201937	125390270	EYA3	NC_037329.1
PTAFR	+	125201937	125229056	PTAFR	NC_037329.1
LOC112443407	+	125400041	125412369	LOC112443407	NC_037329.1
RPA2	+	125448288	125470857	RPA2	NC_037329.1
TRNAC-ACA-22	+	125578050	125578121	TRNAC-ACA	NC_037329.1
IFI6	+	125662191	125665797	IFI6	NC_037329.1
FGR	+	125688668	125708655	FGR	NC_037329.1
AHDC1	+	125715854	125780857	AHDC1	NC_037329.1
WASF2	+	125814821	125885438	WASF2	NC_037329.1
CD164L2	+	125905963	125909989	CD164L2	NC_037329.1
FCN3	+	125914205	125919779	FCN3	NC_037329.1
MAP3K6	+	125920827	125934053	MAP3K6	NC_037329.1
TRNAE-UUC-13	+	126087645	126087716	TRNAE-UUC	NC_037329.1
SLC9A1	+	126090312	126142327	SLC9A1	NC_037329.1
TENT5B	+	126212812	126220278	TENT5B	NC_037329.1
KDF1	+	126257364	126270332	KDF1	NC_037329.1
NR0B2	+	126303329	126305465	NR0B2	NC_037329.1
GPATCH3	+	126314727	126321493	GPATCH3	NC_037329.1
GPN2	+	126321693	126331140	GPN2	NC_037329.1
TRNAG-CCC-12	+	126729181	126729253	TRNAG-CCC	NC_037329.1
ZNF683	+	126761545	126773365	ZNF683	NC_037329.1
CRYBG2	+	126773467	126802980	CRYBG2	NC_037329.1
UBXN11	+	126814761	126836844	UBXN11	NC_037329.1
ZNF593OS	+	126927727	126929542	ZNF593OS	NC_037329.1
C2H1orf232	+	126928705	126936210	C2H1orf232	NC_037329.1
LOC107131877	+	126942916	126943896	LOC107131877	NC_037329.1
TRIM63	+	127020878	127035930	TRIM63	NC_037329.1
SLC30A2	+	127043576	127051972	SLC30A2	NC_037329.1
PAFAH2	+	127089906	127129392	PAFAH2	NC_037329.1
STMN1	+	127152984	127183810	STMN1	NC_037329.1
PAQR7	+	127212816	127223850	PAQR7	NC_037329.1
AUNIP	+	127225459	127237895	AUNIP	NC_037329.1
TRNAG-CCC-13	+	127400051	127400123	TRNAG-CCC	NC_037329.1
LOC282685	+	127619274	127660299	LOC282685	NC_037329.1
RSRP1	+	127708664	127712697	RSRP1	NC_037329.1
SYF2	+	127726050	127731251	SYF2	NC_037329.1
LOC107131878	+	128096076	128101007	LOC107131878	NC_037329.1
STPG1	+	128497621	128561405	STPG1	NC_037329.1
TRNAG-CCC-14	+	128624006	128624078	TRNAG-CCC	NC_037329.1
IFNLR1	+	128718080	128742676	IFNLR1	NC_037329.1
IL22RA1	+	128753448	128780184	IL22RA1	NC_037329.1
LOC132343453	+	128781913	128786319	LOC132343453	NC_037329.1
MYOM3	+	128788356	128840347	MYOM3	NC_037329.1
LOC132343454	+	128942703	128953277	LOC132343454	NC_037329.1
CNR2	+	129001537	129039179	CNR2	NC_037329.1
FUCA1	+	129056430	129079507	FUCA1	NC_037329.1
LOC112443709	+	129073254	129073360	LOC112443709	NC_037329.1
GALE	+	129111319	129115907	GALE	NC_037329.1
TRNAG-CCC-15	+	129243763	129243835	TRNAG-CCC	NC_037329.1
ID3	+	129292811	129298372	ID3	NC_037329.1
TCEA3	+	129422577	129468347	TCEA3	NC_037329.1
ZNF436	+	129476752	129486016	ZNF436	NC_037329.1
HNRNPR	+	129499371	129531647	HNRNPR	NC_037329.1
HTR1D	+	129643262	129646919	HTR1D	NC_037329.1
LUZP1	+	129665730	129768528	LUZP1	NC_037329.1
TEX46	+	129843671	129847869	TEX46	NC_037329.1
LACTBL1	+	129861028	129879150	LACTBL1	NC_037329.1
MIR2284U	+	130300980	130301055	MIR2284U	NC_037329.1
LOC112442449	+	130374055	130384565	LOC112442449	NC_037329.1
LOC101905607	+	130795897	130802173	LOC101905607	NC_037329.1
LOC100847958	+	130827757	130829979	LOC100847958	NC_037329.1
LOC789612	+	130852073	130855684	LOC789612	NC_037329.1
HSPG2	+	130867527	130977472	HSPG2	NC_037329.1
USP48	+	131013174	131086076	USP48	NC_037329.1
LOC112443677	+	131049219	131049315	LOC112443677	NC_037329.1
RAP1GAP	+	131095754	131165879	RAP1GAP	NC_037329.1
LOC112443723	+	131203436	131203543	LOC112443723	NC_037329.1
ECE1	+	131324524	131449331	ECE1	NC_037329.1
EIF4G3	+	131483216	131837789	EIF4G3	NC_037329.1
HP1BP3	+	131855284	131894540	HP1BP3	NC_037329.1
SH2D5	+	131900257	131916114	SH2D5	NC_037329.1
KIF17	+	131918127	131969114	KIF17	NC_037329.1
DDOST	+	131972128	131985984	DDOST	NC_037329.1
CAMK2N1	+	132136807	132139924	CAMK2N1	NC_037329.1
LOC132343460	+	132173082	132177369	LOC132343460	NC_037329.1
LOC112443424	+	132254961	132274625	LOC112443424	NC_037329.1
LOC112443425	+	132561677	132574083	LOC112443425	NC_037329.1
PLA2G2D1	+	132596508	132609925	PLA2G2D1	NC_037329.1
LOC521383	+	132685965	132690757	LOC521383	NC_037329.1
LOC104971373	+	132720313	132726053	LOC104971373	NC_037329.1
LOC615045	+	132736328	132742022	LOC615045	NC_037329.1
PLA2G2E	+	132789023	132792367	PLA2G2E	NC_037329.1
RNF186	+	132887311	132888404	RNF186	NC_037329.1
AKR7A2	+	133363553	133369986	AKR7A2	NC_037329.1
EMC1	+	133411724	133435864	EMC1	NC_037329.1
UBR4	+	133452107	133589504	UBR4	NC_037329.1
LOC112443683	+	133672941	133673154	LOC112443683	NC_037329.1
ALDH4A1	+	133756926	133790324	ALDH4A1	NC_037329.1
TAS1R2	+	133800882	133813306	TAS1R2	NC_037329.1
LOC112443471	+	134199862	134218764	LOC112443471	NC_037329.1
LOC132343509	+	134662403	134663747	LOC132343509	NC_037329.1
LOC132343513	+	135077522	135080895	LOC132343513	NC_037329.1
RCC2	+	135211510	135237282	RCC2	NC_037329.1
MIR2358	+	135236143	135236206	MIR2358	NC_037329.1
PADI2	+	135473376	135530001	PADI2	NC_037329.1
SDHB	+	135549028	135578116	SDHB	NC_037329.1
ATP13A2	+	135586361	135606403	ATP13A2	NC_037329.1
SPATA21	+	135693950	135736523	SPATA21	NC_037329.1
TRNAE-UUC-16	+	135752493	135752565	TRNAE-UUC	NC_037329.1
FBXO42	+	135760255	135867401	FBXO42	NC_037329.1
LOC112443502	+	135760255	135773297	LOC112443502	NC_037329.1
CPLANE2	+	135877184	135881647	CPLANE2	NC_037329.1
ARHGEF19	+	135893273	135911220	ARHGEF19	NC_037329.1
EPHA2	+	135945217	135972064	EPHA2	NC_037329.1
MIR12026-1	+	135954742	135954787	MIR12026-1	NC_037329.1
HSPB7	+	136054106	136057922	HSPB7	NC_037329.1
LOC101905127	+	136089590	136115636	LOC101905127	NC_037329.1
LOC788414	+	136187654	136190278	LOC788414	NC_037329.1
GPR161	+	458009	569755	GPR161	NC_037330.1
MPC2	+	752398	783103	MPC2	NC_037330.1
TRNAP-AGG	+	1003350	1003421	TRNAP-AGG	NC_037330.1
CREG1	+	1148863	1160255	CREG1	NC_037330.1
CD247	+	1182868	1266847	CD247	NC_037330.1
GPA33	+	1675938	1728606	GPA33	NC_037330.1
ILDR2	+	1903474	1972319	ILDR2	NC_037330.1
LOC112445924	+	1977252	1983947	LOC112445924	NC_037330.1
TADA1	+	2034298	2050063	TADA1	NC_037330.1
FAM78B	+	2713220	2819029	FAM78B	NC_037330.1
MIR2285BB	+	2790821	2790879	MIR2285BB	NC_037330.1
TRNAC-GCA-17	+	2982134	2982205	TRNAC-GCA	NC_037330.1
LOC101907566	+	3059035	3104142	LOC101907566	NC_037330.1
TMCO1	+	3105827	3191075	TMCO1	NC_037330.1
RXRG	+	3538896	3599117	RXRG	NC_037330.1
LMX1A	+	3654526	3827934	LMX1A	NC_037330.1
LOC132344980	+	4542728	4543411	LOC132344980	NC_037330.1
RGS5	+	6159079	6212129	RGS5	NC_037330.1
LOC112445925	+	6736123	6760731	LOC112445925	NC_037330.1
TRNAD-GUC	+	6987110	6987180	TRNAD-GUC	NC_037330.1
SPATA46	+	7117209	7119976	SPATA46	NC_037330.1
LOC132344815	+	7466978	7470389	LOC132344815	NC_037330.1
LOC112446099	+	7480893	7481028	LOC112446099	NC_037330.1
OLFML2B	+	7530623	7580216	OLFML2B	NC_037330.1
FCGR3A	+	8000340	8009070	FCGR3A	NC_037330.1
TRNAG-GCC-5	+	8034296	8034366	TRNAG-GCC	NC_037330.1
LOC132344817	+	8067625	8076470	LOC132344817	NC_037330.1
TRNAD-GUC-4	+	8102386	8102457	TRNAD-GUC	NC_037330.1
CFAP126	+	8143059	8175609	CFAP126	NC_037330.1
NR1I3	+	8271741	8276670	NR1I3	NC_037330.1
APOA2	+	8282869	8284124	APOA2	NC_037330.1
ADAMTS4	+	8303802	8311858	ADAMTS4	NC_037330.1
B4GALT3	+	8321041	8326841	B4GALT3	NC_037330.1
LOC132344819	+	8330862	8331679	LOC132344819	NC_037330.1
DEDD	+	8363140	8373643	DEDD	NC_037330.1
PFDN2	+	8376916	8388862	PFDN2	NC_037330.1
TRNAK-UUU-8	+	8380299	8380370	TRNAK-UUU	NC_037330.1
LOC112446156	+	8382388	8382494	LOC112446156	NC_037330.1
NECTIN4	+	8403124	8419412	NECTIN4	NC_037330.1
ARHGAP30	+	8420179	8435163	ARHGAP30	NC_037330.1
USF1	+	8436862	8442550	USF1	NC_037330.1
F11R	+	8442790	8488978	F11R	NC_037330.1
TSTD1	+	8442790	8444255	TSTD1	NC_037330.1
LOC100336682	+	8562745	8574769	LOC100336682	NC_037330.1
LOC618581	+	8591925	8625899	LOC618581	NC_037330.1
CD244	+	8693900	8777372	CD244	NC_037330.1
CD48	+	8902055	8932532	CD48	NC_037330.1
SLAMF1	+	8969591	9008637	SLAMF1	NC_037330.1
CD84	+	9077353	9128759	CD84	NC_037330.1
LOC112445930	+	9181767	9197542	LOC112445930	NC_037330.1
LOC101902818	+	9278448	9284898	LOC101902818	NC_037330.1
LOC104971425	+	9290448	9291671	LOC104971425	NC_037330.1
COPA	+	9350619	9394691	COPA	NC_037330.1
PEX19	+	9399906	9405346	PEX19	NC_037330.1
DCAF8	+	9419585	9462754	DCAF8	NC_037330.1
IGSF8	+	9577491	9584509	IGSF8	NC_037330.1
KCNJ10	+	9603030	9638173	KCNJ10	NC_037330.1
PIGM	+	9644360	9647791	PIGM	NC_037330.1
SLAMF9	+	9704673	9733715	SLAMF9	NC_037330.1
IGSF9	+	9740172	9759689	IGSF9	NC_037330.1
TAGLN2	+	9761180	9769006	TAGLN2	NC_037330.1
VSIG8	+	9825303	9833363	VSIG8	NC_037330.1
LOC112446136	+	9834671	9834832	LOC112446136	NC_037330.1
LOC132344823	+	9913965	9948976	LOC132344823	NC_037330.1
CRP	+	9983501	9987619	CRP	NC_037330.1
OR10J5	+	10177684	10178613	OR10J5	NC_037330.1
OR10J3	+	10411414	10412355	OR10J3	NC_037330.1
OR10J2	+	10455272	10456369	OR10J2	NC_037330.1
TRNAR-UCU-4	+	10590598	10590671	TRNAR-UCU	NC_037330.1
OR10AA1	+	10854187	10855131	OR10AA1	NC_037330.1
OR10AA1C	+	10868792	10869736	OR10AA1C	NC_037330.1
OR6N2	+	10887314	10888267	OR6N2	NC_037330.1
OR6K5	+	10932754	10936081	OR6K5	NC_037330.1
OR6K4	+	10946347	10947297	OR6K4	NC_037330.1
OR6K2	+	10987496	10988440	OR6K2	NC_037330.1
OR10X1	+	11125947	11126897	OR10X1	NC_037330.1
OR10X1D	+	11194283	11195215	OR10X1D	NC_037330.1
OR6P1	+	11222817	11223770	OR6P1	NC_037330.1
OR6Y1	+	11237660	11238637	OR6Y1	NC_037330.1
OR10K2	+	11341077	11342015	OR10K2	NC_037330.1
OR10T1	+	11559107	11560051	OR10T1	NC_037330.1
OR10T2	+	11574757	11575698	OR10T2	NC_037330.1
SMIM42	+	12239898	12240304	SMIM42	NC_037330.1
LOC112445934	+	12330796	12332000	LOC112445934	NC_037330.1
TRNAG-CCC-16	+	12340717	12340789	TRNAG-CCC	NC_037330.1
LOC132344825	+	12441818	12470045	LOC132344825	NC_037330.1
FCRL1	+	12577610	12610642	FCRL1	NC_037330.1
FCRL4	+	12731915	12780403	FCRL4	NC_037330.1
FCRL5	+	12804212	12868235	FCRL5	NC_037330.1
LOC112445937	+	12916747	12921903	LOC112445937	NC_037330.1
LOC107132121	+	12988984	13024360	LOC107132121	NC_037330.1
LOC101906408	+	13500294	13528595	LOC101906408	NC_037330.1
TRNAS-GGA-16	+	13660291	13660363	TRNAS-GGA	NC_037330.1
ETV3	+	13730581	13745599	ETV3	NC_037330.1
ETV3L	+	13767022	13773423	ETV3L	NC_037330.1
LOC104971464	+	13933661	13936953	LOC104971464	NC_037330.1
INSRR	+	13991555	14007870	INSRR	NC_037330.1
HDGF	+	14082647	14091949	HDGF	NC_037330.1
MRPL24	+	14093620	14098631	MRPL24	NC_037330.1
ISG20L2	+	14106095	14111435	ISG20L2	NC_037330.1
CRABP2	+	14125444	14130428	CRABP2	NC_037330.1
MIR6534	+	14236056	14236131	MIR6534	NC_037330.1
IQGAP3	+	14259683	14299014	IQGAP3	NC_037330.1
LOC100848574	+	14401053	14425003	LOC100848574	NC_037330.1
CCT3	+	14486607	14501165	CCT3	NC_037330.1
GLMP	+	14506374	14509259	GLMP	NC_037330.1
SMG5	+	14517306	14544980	SMG5	NC_037330.1
PAQR6	+	14546206	14551090	PAQR6	NC_037330.1
MEX3A	+	14690553	14695864	MEX3A	NC_037330.1
UBQLN4	+	14713330	14728914	UBQLN4	NC_037330.1
KHDC4	+	14834847	14852133	KHDC4	NC_037330.1
LOC112446113	+	14841709	14841843	LOC112446113	NC_037330.1
LOC101906206	+	14904986	14942407	LOC101906206	NC_037330.1
LOC100848721	+	15042802	15047615	LOC100848721	NC_037330.1
ASH1L	+	15090422	15298435	ASH1L	NC_037330.1
CLK2	+	15367649	15376598	CLK2	NC_037330.1
SCAMP3	+	15377150	15381473	SCAMP3	NC_037330.1
ENTREP3	+	15382203	15388067	ENTREP3	NC_037330.1
MUC1	+	15427824	15432023	MUC1	NC_037330.1
KRTCAP2	+	15443971	15446568	KRTCAP2	NC_037330.1
DPM3	+	15462231	15462806	DPM3	NC_037330.1
LOC132344830	+	15591649	15593900	LOC132344830	NC_037330.1
SHC1	+	15616404	15626916	SHC1	NC_037330.1
PBXIP1	+	15632480	15644005	PBXIP1	NC_037330.1
PMVK	+	15660071	15675149	PMVK	NC_037330.1
KCNN3	+	15725092	15901708	KCNN3	NC_037330.1
ADAR	+	15944976	15996881	ADAR	NC_037330.1
SHE	+	16086187	16104575	SHE	NC_037330.1
C3H1orf43	+	16300760	16309171	C3H1orf43	NC_037330.1
CFAP141	+	16309672	16312902	CFAP141	NC_037330.1
TPM3	+	16318632	16346045	TPM3	NC_037330.1
NUP210L	+	16344768	16447684	NUP210L	NC_037330.1
JTB	+	16461551	16464005	JTB	NC_037330.1
SLC39A1	+	16473115	16477150	SLC39A1	NC_037330.1
CRTC2	+	16477602	16487214	CRTC2	NC_037330.1
DENND4B	+	16488494	16503193	DENND4B	NC_037330.1
GATAD2B	+	16506940	16590831	GATAD2B	NC_037330.1
ILF2	+	16711945	16722477	ILF2	NC_037330.1
S100A13	+	16756630	16763331	S100A13	NC_037330.1
S100A16	+	16769098	16776634	S100A16	NC_037330.1
S100A2	+	16808490	16811826	S100A2	NC_037330.1
S100A3	+	16819976	16822882	S100A3	NC_037330.1
LOC618256	+	16833888	16835885	LOC618256	NC_037330.1
S100A7	+	16888284	16909163	S100A7	NC_037330.1
LOC786350	+	16938698	16941534	LOC786350	NC_037330.1
TRNAS-GGA-19	+	17049782	17049853	TRNAS-GGA	NC_037330.1
S100A12	+	17102730	17104176	S100A12	NC_037330.1
LOC132344836	+	17117834	17123152	LOC132344836	NC_037330.1
PGLYRP4	+	17123172	17144192	PGLYRP4	NC_037330.1
PGLYRP3	+	17147435	17170052	PGLYRP3	NC_037330.1
LOC100848785	+	17567441	17568905	LOC100848785	NC_037330.1
LOC100848804	+	17575946	17577400	LOC100848804	NC_037330.1
LOC101904767	+	17822769	17882582	LOC101904767	NC_037330.1
LOC104971496	+	18121616	18122533	LOC104971496	NC_037330.1
LOC104971497	+	18145205	18146343	LOC104971497	NC_037330.1
TCHH	+	18619559	18627074	TCHH	NC_037330.1
TCHHL1	+	18642146	18648444	TCHHL1	NC_037330.1
MIR2284Z-4	+	18674126	18674205	MIR2284Z-4	NC_037330.1
S100A11	+	18728742	18733582	S100A11	NC_037330.1
S100A10	+	18762488	18773422	S100A10	NC_037330.1
THEM4	+	18844183	18893497	THEM4	NC_037330.1
C2CD4D	+	18942921	18946489	C2CD4D	NC_037330.1
RORC	+	18953198	18978573	RORC	NC_037330.1
LINGO4	+	18980492	18984526	LINGO4	NC_037330.1
MRPL9	+	19021833	19028882	MRPL9	NC_037330.1
LOC112445949	+	19166200	19178495	LOC112445949	NC_037330.1
TRNAG-CCC-17	+	19212676	19212747	TRNAG-CCC	NC_037330.1
POGZ	+	19322588	19369633	POGZ	NC_037330.1
SELENBP1	+	19442733	19451510	SELENBP1	NC_037330.1
PI4KB	+	19481303	19509852	PI4KB	NC_037330.1
LYSMD1	+	19645433	19653959	LYSMD1	NC_037330.1
SEMA6C	+	19673583	19686663	SEMA6C	NC_037330.1
CDC42SE1	+	19726950	19734579	CDC42SE1	NC_037330.1
HORMAD1	+	20016323	20036217	HORMAD1	NC_037330.1
GOLPH3L	+	20037074	20085017	GOLPH3L	NC_037330.1
LOC132344841	+	20072645	20079516	LOC132344841	NC_037330.1
LOC104971510	+	20164690	20184333	LOC104971510	NC_037330.1
ANP32E	+	20409613	20421686	ANP32E	NC_037330.1
LOC132344842	+	20482780	20484058	LOC132344842	NC_037330.1
LOC100847236	+	20557108	20560253	LOC100847236	NC_037330.1
SV2A	+	20696426	20710584	SV2A	NC_037330.1
LOC101906484	+	20714264	20716206	LOC101906484	NC_037330.1
H2AC21	+	20724183	20724608	H2AC21	NC_037330.1
H2BC21	+	20725423	20727750	H2BC21	NC_037330.1
H2BC20	+	20747775	20749809	H2BC20	NC_037330.1
LOC788142	+	20791806	20855871	LOC788142	NC_037330.1
LOC132344843	+	20855908	20863749	LOC132344843	NC_037330.1
TRNAH-GUG-2	+	20873154	20873225	TRNAH-GUG	NC_037330.1
TRNAG-CCC-20	+	20877476	20877546	TRNAG-CCC	NC_037330.1
TRNAE-UUC-18	+	20890034	20890105	TRNAE-UUC	NC_037330.1
TRNAH-GUG-3	+	20898974	20899045	TRNAH-GUG	NC_037330.1
TRNAN-GUU-4	+	20905102	20905175	TRNAN-GUU	NC_037330.1
TRNAV-CAC-4	+	20957584	20957656	TRNAV-CAC	NC_037330.1
TRNAV-AAC-2	+	20967927	20967999	TRNAV-AAC	NC_037330.1
TRNAV-UAC-3	+	20978865	20978937	TRNAV-UAC	NC_037330.1
TRNAN-GUU-6	+	20981895	20981968	TRNAN-GUU	NC_037330.1
TRNAV-UAC-4	+	20991877	20991949	TRNAV-UAC	NC_037330.1
TRNAN-GUU-7	+	20994920	20994993	TRNAN-GUU	NC_037330.1
TRNAV-CAC-5	+	20995595	20995667	TRNAV-CAC	NC_037330.1
TRNAV-CAC-6	+	21012294	21012366	TRNAV-CAC	NC_037330.1
TRNAV-AAC-3	+	21024315	21024387	TRNAV-AAC	NC_037330.1
TRNAV-UAC-5	+	21035265	21035337	TRNAV-UAC	NC_037330.1
TRNAN-GUU-9	+	21038302	21038375	TRNAN-GUU	NC_037330.1
TRNAV-CAC-7	+	21038978	21039050	TRNAV-CAC	NC_037330.1
TRNAV-AAC-4	+	21057895	21057967	TRNAV-AAC	NC_037330.1
TRNAG-CCC-23	+	21085364	21085434	TRNAG-CCC	NC_037330.1
TRNAG-CCC-24	+	21112718	21112788	TRNAG-CCC	NC_037330.1
TRNAQ-CUG-7	+	21116006	21116077	TRNAQ-CUG	NC_037330.1
TRNAN-GUU-12	+	21144119	21144192	TRNAN-GUU	NC_037330.1
TRNAH-GUG-7	+	21148775	21148846	TRNAH-GUG	NC_037330.1
TRNAN-GUU-13	+	21152548	21152621	TRNAN-GUU	NC_037330.1
TRNAE-UUC-22	+	21204594	21204665	TRNAE-UUC	NC_037330.1
TRNAG-CCC-26	+	21208694	21208764	TRNAG-CCC	NC_037330.1
TRNAG-CCC-27	+	21210205	21210275	TRNAG-CCC	NC_037330.1
TRNAN-GUU-15	+	21219475	21219548	TRNAN-GUU	NC_037330.1
TRNAN-GUU-16	+	21228571	21228644	TRNAN-GUU	NC_037330.1
TRNAV-CAC-11	+	21262480	21262552	TRNAV-CAC	NC_037330.1
TRNAV-AAC-9	+	21265184	21265256	TRNAV-AAC	NC_037330.1
TRNAN-GUU-18	+	21316056	21316129	TRNAN-GUU	NC_037330.1
TRNAV-CAC-12	+	21316761	21316833	TRNAV-CAC	NC_037330.1
TRNAN-GUU-19	+	21318781	21318854	TRNAN-GUU	NC_037330.1
LOC112446129	+	21327408	21327571	LOC112446129	NC_037330.1
LOC112446130	+	21332180	21332343	LOC112446130	NC_037330.1
TRNAN-GUU-20	+	21340083	21340156	TRNAN-GUU	NC_037330.1
HJV	+	21365323	21369701	HJV	NC_037330.1
TXNIP	+	21383711	21387872	TXNIP	NC_037330.1
LIX1L	+	21418207	21443140	LIX1L	NC_037330.1
RNF115	+	21532899	21608889	RNF115	NC_037330.1
PDZK1	+	21648117	21695753	PDZK1	NC_037330.1
LOC132344845	+	21741849	21745412	LOC132344845	NC_037330.1
GJA5	+	21877817	21895373	GJA5	NC_037330.1
FMO5	+	22466919	22510021	FMO5	NC_037330.1
LOC788724	+	22479778	22480323	LOC788724	NC_037330.1
PRKAB2	+	22529683	22545871	PRKAB2	NC_037330.1
LOC112445955	+	22580243	22580950	LOC112445955	NC_037330.1
LOC132344848	+	22633575	22648781	LOC132344848	NC_037330.1
LOC112446133	+	22643717	22643880	LOC112446133	NC_037330.1
LOC112446132	+	22717000	22717163	LOC112446132	NC_037330.1
TRNAQ-CUG-9	+	22739543	22739614	TRNAQ-CUG	NC_037330.1
LOC112445957	+	22766689	22794281	LOC112445957	NC_037330.1
NOTCH2	+	23196522	23371805	NOTCH2	NC_037330.1
LOC531521	+	23426422	23429996	LOC531521	NC_037330.1
REG4	+	23483918	23508046	REG4	NC_037330.1
HMGCS2	+	23536604	23560576	HMGCS2	NC_037330.1
LOC132344986	+	23803944	23810847	LOC132344986	NC_037330.1
LOC112446065	+	24384964	24385070	LOC112446065	NC_037330.1
GDAP2	+	25289416	25357516	GDAP2	NC_037330.1
LOC132344805	+	25695354	25698337	LOC132344805	NC_037330.1
TRIM45	+	26099702	26109655	TRIM45	NC_037330.1
CD58	+	26709415	26773168	CD58	NC_037330.1
LOC132344852	+	26919077	26928889	LOC132344852	NC_037330.1
LOC104971541	+	27041473	27048395	LOC104971541	NC_037330.1
NHLH2	+	27474900	27478019	NHLH2	NC_037330.1
LOC112445869	+	27872584	27873868	LOC112445869	NC_037330.1
NGF	+	27948630	28007003	NGF	NC_037330.1
LOC132344854	+	28099051	28105154	LOC132344854	NC_037330.1
TSPAN2	+	28254053	28360103	TSPAN2	NC_037330.1
LOC112446087	+	28431156	28431262	LOC112446087	NC_037330.1
SIKE1	+	28556617	28562489	SIKE1	NC_037330.1
CSDE1	+	28579247	28614810	CSDE1	NC_037330.1
NRAS	+	28614965	28624865	NRAS	NC_037330.1
AMPD1	+	28636376	28658779	AMPD1	NC_037330.1
DENND2C	+	28661399	28754607	DENND2C	NC_037330.1
TRIM33	+	28837738	28981798	TRIM33	NC_037330.1
SYT6	+	29230485	29297467	SYT6	NC_037330.1
LOC100849652	+	29450412	29469532	LOC100849652	NC_037330.1
AP4B1	+	29479424	29491851	AP4B1	NC_037330.1
BCL2L15	+	29498121	29502961	BCL2L15	NC_037330.1
RSBN1	+	29579097	29622345	RSBN1	NC_037330.1
LOC101908104	+	29962854	29970172	LOC101908104	NC_037330.1
LOC132344861	+	30364105	30372665	LOC132344861	NC_037330.1
SLC16A1	+	30380839	30414648	SLC16A1	NC_037330.1
PPM1J	+	30609426	30615189	PPM1J	NC_037330.1
RHOC	+	30618175	30624452	RHOC	NC_037330.1
ST7L	+	30701976	30844660	ST7L	NC_037330.1
KCND3	+	31311284	31536003	KCND3	NC_037330.1
INKA2	+	31565455	31578740	INKA2	NC_037330.1
LOC101903375	+	31676120	31690380	LOC101903375	NC_037330.1
TMIGD3	+	31745649	31829059	TMIGD3	NC_037330.1
WDR77	+	31863573	31882337	WDR77	NC_037330.1
OVGP1	+	31889001	31902001	OVGP1	NC_037330.1
LOC100138271	+	31973288	31984685	LOC100138271	NC_037330.1
DENND2D	+	32205074	32224613	DENND2D	NC_037330.1
DRAM2	+	32272376	32302092	DRAM2	NC_037330.1
LRIF1	+	32408179	32427996	LRIF1	NC_037330.1
TRNAK-UUU-9	+	32704291	32704363	TRNAK-UUU	NC_037330.1
KCNA3	+	32745144	32767710	KCNA3	NC_037330.1
KCNA2	+	32828411	32834158	KCNA2	NC_037330.1
KCNA10	+	32922023	32923615	KCNA10	NC_037330.1
SLC16A4	+	33044305	33074937	SLC16A4	NC_037330.1
LOC132344862	+	33096444	33106972	LOC132344862	NC_037330.1
EPS8L3	+	33634747	33649761	EPS8L3	NC_037330.1
GSTM3	+	33652523	33655762	GSTM3	NC_037330.1
GNAT2	+	33837417	33846790	GNAT2	NC_037330.1
AMIGO1	+	33940232	33945726	AMIGO1	NC_037330.1
PSMA5	+	34012638	34033663	PSMA5	NC_037330.1
SORT1	+	34037344	34104705	SORT1	NC_037330.1
MYBPHL	+	34107407	34122171	MYBPHL	NC_037330.1
PSRC1	+	34125633	34129207	PSRC1	NC_037330.1
LOC132344864	+	34189819	34199933	LOC132344864	NC_037330.1
CFAP276	+	34275181	34279338	CFAP276	NC_037330.1
WDR47	+	34331960	34394375	WDR47	NC_037330.1
CLCC1	+	34397834	34430983	CLCC1	NC_037330.1
AKNAD1	+	34509948	34562520	AKNAD1	NC_037330.1
LOC530689	+	34844279	34907687	LOC530689	NC_037330.1
LOC112446161	+	35035192	35035298	LOC112446161	NC_037330.1
SLC25A24	+	35038504	35096482	SLC25A24	NC_037330.1
LOC101903424	+	35758904	35760210	LOC101903424	NC_037330.1
LOC132344867	+	36126561	36138360	LOC132344867	NC_037330.1
LOC132344868	+	36324933	36401767	LOC132344868	NC_037330.1
TRNAC-GCA-21	+	37143674	37143745	TRNAC-GCA	NC_037330.1
LOC132344989	+	37877094	37879323	LOC132344989	NC_037330.1
TRNAY-AUA-4	+	38568625	38568696	TRNAY-AUA	NC_037330.1
LOC107132304	+	39935494	39937027	LOC107132304	NC_037330.1
COL11A1	+	40304545	40530671	COL11A1	NC_037330.1
OLFM3	+	41271709	41495292	OLFM3	NC_037330.1
LOC132344992	+	41873863	41878572	LOC132344992	NC_037330.1
DPH5	+	42259050	42304859	DPH5	NC_037330.1
LOC112446080	+	42327050	42327155	LOC112446080	NC_037330.1
TRNAC-GCA-22	+	42355090	42355160	TRNAC-GCA	NC_037330.1
DBT	+	43039359	43079909	DBT	NC_037330.1
SASS6	+	43140706	43181953	SASS6	NC_037330.1
LOC112446155	+	43278015	43278129	LOC112446155	NC_037330.1
FRRS1	+	43433516	43525469	FRRS1	NC_037330.1
PLPPR5	+	44218339	44352274	PLPPR5	NC_037330.1
LOC101902918	+	44283240	44295765	LOC101902918	NC_037330.1
MIR137	+	45241090	45241191	MIR137	NC_037330.1
DPYD	+	45408337	46330781	DPYD	NC_037330.1
LOC112446090	+	46690600	46690702	LOC112446090	NC_037330.1
CNN3	+	48568965	48599127	CNN3	NC_037330.1
LOC112445986	+	48792077	48827851	LOC112445986	NC_037330.1
LOC112446089	+	48939775	48939879	LOC112446089	NC_037330.1
F3	+	48954585	48965468	F3	NC_037330.1
LOC132344874	+	49087909	49122620	LOC132344874	NC_037330.1
ABCA4	+	49386861	49530772	ABCA4	NC_037330.1
GCLM	+	49581839	49599565	GCLM	NC_037330.1
DNTTIP2	+	49610656	49621986	DNTTIP2	NC_037330.1
BCAR3	+	49691045	49912854	BCAR3	NC_037330.1
LOC112446101	+	50071677	50071811	LOC112446101	NC_037330.1
LOC112445988	+	50107136	50111972	LOC112445988	NC_037330.1
TMED5	+	50290369	50310502	TMED5	NC_037330.1
DIPK1A	+	50499771	50629763	DIPK1A	NC_037330.1
TRNAC-ACA-26	+	50890114	50890185	TRNAC-ACA	NC_037330.1
LOC104971636	+	51315734	51348355	LOC104971636	NC_037330.1
TGFBR3	+	51501897	51711173	TGFBR3	NC_037330.1
HFM1	+	51980882	52089744	HFM1	NC_037330.1
ZNF644	+	52289852	52348490	ZNF644	NC_037330.1
BARHL2	+	52532079	52536695	BARHL2	NC_037330.1
LOC132344999	+	52919911	52924565	LOC132344999	NC_037330.1
TRNAC-GCA-24	+	52952648	52952719	TRNAC-GCA	NC_037330.1
LOC112445879	+	52966649	52984349	LOC112445879	NC_037330.1
LOC513659	+	53862427	53888042	LOC513659	NC_037330.1
LOC786372	+	53908099	53925504	LOC786372	NC_037330.1
LOC107131333	+	54009526	54032647	LOC107131333	NC_037330.1
LOC536917	+	54043364	54062086	LOC536917	NC_037330.1
LOC132345000	+	54075735	54078993	LOC132345000	NC_037330.1
GBP5	+	54095003	54111588	GBP5	NC_037330.1
LOC132342100	+	54187662	54282798	LOC132342100	NC_037330.1
LOC112445996	+	54287050	54288270	LOC112445996	NC_037330.1
LOC112445995	+	54342602	54353431	LOC112445995	NC_037330.1
LOC533657	+	54583751	54608916	LOC533657	NC_037330.1
LOC507055	+	54715837	54783631	LOC507055	NC_037330.1
LOC785445	+	54809076	54810355	LOC785445	NC_037330.1
LOC783604	+	54859414	54883385	LOC783604	NC_037330.1
LOC511531	+	54899012	54914631	LOC511531	NC_037330.1
KYAT3	+	54928686	54989009	KYAT3	NC_037330.1
GTF2B	+	55014549	55045559	GTF2B	NC_037330.1
LOC132345001	+	55364270	55445347	LOC132345001	NC_037330.1
SELENOF	+	57145264	57189005	SELENOF	NC_037330.1
COL24A1	+	57935518	58327904	COL24A1	NC_037330.1
LOC785006	+	58283855	58286446	LOC785006	NC_037330.1
LOC101904769	+	58491354	58615147	LOC101904769	NC_037330.1
DDAH1	+	58618306	58775117	DDAH1	NC_037330.1
BCL10	+	58820340	58829798	BCL10	NC_037330.1
C3H1orf52	+	58835940	58843570	C3H1orf52	NC_037330.1
TRNAW-CCA-20	+	58963241	58963312	TRNAW-CCA	NC_037330.1
MCOLN2	+	59095529	59169270	MCOLN2	NC_037330.1
SSX2IP	+	59398080	59457464	SSX2IP	NC_037330.1
CTBS	+	59509795	59524074	CTBS	NC_037330.1
GNG5	+	59591885	59600029	GNG5	NC_037330.1
UOX	+	59637428	59736411	UOX	NC_037330.1
TTLL7	+	60111132	60261829	TTLL7	NC_037330.1
LOC132344888	+	60666072	60692228	LOC132344888	NC_037330.1
TRNAS-GGA-22	+	61199398	61199470	TRNAS-GGA	NC_037330.1
TRNAC-ACA-28	+	63459810	63459881	TRNAC-ACA	NC_037330.1
LOC132345004	+	64076174	64078176	LOC132345004	NC_037330.1
ADGRL4	+	65667463	65808369	ADGRL4	NC_037330.1
LOC112446122	+	66084973	66085090	LOC112446122	NC_037330.1
LOC112446078	+	66602544	66602647	LOC112446078	NC_037330.1
ZZZ3	+	66974662	67098535	ZZZ3	NC_037330.1
PIGK	+	67430531	67567425	PIGK	NC_037330.1
LOC112446159	+	68921905	68922011	LOC112446159	NC_037330.1
SLC44A5	+	69156906	69583950	SLC44A5	NC_037330.1
CRYZ	+	69990718	70019348	CRYZ	NC_037330.1
LRRC53	+	70292493	70307524	LRRC53	NC_037330.1
LOC112445884	+	71919347	71920828	LOC112445884	NC_037330.1
LOC112446063	+	72554638	72554744	LOC112446063	NC_037330.1
NEGR1	+	72811994	73846989	NEGR1	NC_037330.1
TRNAW-CCA-21	+	74126279	74126350	TRNAW-CCA	NC_037330.1
ZRANB2	+	74146737	74164750	ZRANB2	NC_037330.1
MIR186	+	74160334	74160419	MIR186	NC_037330.1
ANKRD13C	+	74830035	74923476	ANKRD13C	NC_037330.1
LRRC40	+	74977576	75018750	LRRC40	NC_037330.1
RPE65	+	76830541	76853872	RPE65	NC_037330.1
WLS	+	77070875	77187329	WLS	NC_037330.1
LOC112446066	+	77611445	77611551	LOC112446066	NC_037330.1
GNG12	+	77624759	77627137	GNG12	NC_037330.1
SERBP1	+	77922741	77938972	SERBP1	NC_037330.1
C3H1orf141	+	78193280	78238377	C3H1orf141	NC_037330.1
DNAI4	+	78408838	78508625	DNAI4	NC_037330.1
INSL5	+	78520247	78523226	INSL5	NC_037330.1
TRNAG-CCC-29	+	78827539	78827611	TRNAG-CCC	NC_037330.1
TRNAC-GCA-27	+	79224820	79224891	TRNAC-GCA	NC_037330.1
TRNAR-UCU-6	+	79902500	79902573	TRNAR-UCU	NC_037330.1
LOC132344975	+	80327677	80347374	LOC132344975	NC_037330.1
MIR101-1	+	80335436	80335518	MIR101-1	NC_037330.1
TRNAG-GCC-7	+	80372495	80372568	TRNAG-GCC	NC_037330.1
JAK1	+	80444566	80584006	JAK1	NC_037330.1
LOC112446005	+	80603909	80612658	LOC112446005	NC_037330.1
TRNAS-GGA-24	+	81183808	81183879	TRNAS-GGA	NC_037330.1
ITGB3BP	+	82052244	82157908	ITGB3BP	NC_037330.1
LOC132344898	+	82435312	82461742	LOC132344898	NC_037330.1
LOC132345011	+	82536577	82538105	LOC132345011	NC_037330.1
KANK4	+	83258538	83334028	KANK4	NC_037330.1
LOC782781	+	83582571	83584191	LOC782781	NC_037330.1
LOC132344900	+	83936222	83945203	LOC132344900	NC_037330.1
TM2D1	+	83947667	83996285	TM2D1	NC_037330.1
LOC104971723	+	84617394	84623176	LOC104971723	NC_037330.1
TRNAW-CCA-23	+	85080856	85080927	TRNAW-CCA	NC_037330.1
MIR2285BJ-2	+	85130762	85130808	MIR2285BJ-2	NC_037330.1
TRNAH-AUG-2	+	85136813	85136884	TRNAH-AUG	NC_037330.1
LOC112446135	+	85428412	85428575	LOC112446135	NC_037330.1
C3H1orf87	+	85704925	85788186	C3H1orf87	NC_037330.1
LOC132344976	+	85886009	85911954	LOC132344976	NC_037330.1
LOC521656	+	85927269	85963161	LOC521656	NC_037330.1
LOC107132327	+	85995628	86038927	LOC107132327	NC_037330.1
CYP2J30	+	86053854	86085723	CYP2J30	NC_037330.1
LOC107132328	+	86226385	86229631	LOC107132328	NC_037330.1
LOC132344978	+	86270423	86306565	LOC132344978	NC_037330.1
TRNAC-GCA-28	+	86617408	86617479	TRNAC-GCA	NC_037330.1
LOC112446073	+	86869065	86869167	LOC112446073	NC_037330.1
TRNAG-CCC-31	+	87180141	87180213	TRNAG-CCC	NC_037330.1
JUN	+	87265962	87268009	JUN	NC_037330.1
MYSM1	+	87349611	87391333	MYSM1	NC_037330.1
TACSTD2	+	87457550	87459381	TACSTD2	NC_037330.1
DAB1	+	87798801	89138515	DAB1	NC_037330.1
C8B	+	89165719	89209189	C8B	NC_037330.1
FYB2	+	89335667	89466914	FYB2	NC_037330.1
PLPP3	+	89607569	89696890	PLPP3	NC_037330.1
TRNAW-CCA-24	+	89733514	89733586	TRNAW-CCA	NC_037330.1
LOC112446092	+	90929966	90930070	LOC112446092	NC_037330.1
USP24	+	91131272	91287213	USP24	NC_037330.1
DHCR24	+	91412374	91445021	DHCR24	NC_037330.1
FAM151A	+	91637498	91663707	FAM151A	NC_037330.1
LOC615989	+	91676242	91691015	LOC615989	NC_037330.1
CYB5RL	+	92033935	92060022	CYB5RL	NC_037330.1
TMEM59	+	92177759	92203380	TMEM59	NC_037330.1
LDLRAD1	+	92211424	92222264	LDLRAD1	NC_037330.1
IFT25	+	92262416	92337616	IFT25	NC_037330.1
YIPF1	+	92337788	92386552	YIPF1	NC_037330.1
TRNAE-UUC-30	+	92377030	92377101	TRNAE-UUC	NC_037330.1
NDC1	+	92394780	92454799	NDC1	NC_037330.1
GLIS1	+	92479442	92739955	GLIS1	NC_037330.1
LOC616319	+	92805776	92808162	LOC616319	NC_037330.1
LRP8	+	92919163	92996511	LRP8	NC_037330.1
MAGOH	+	93003066	93012323	MAGOH	NC_037330.1
SLC1A7	+	93105905	93156932	SLC1A7	NC_037330.1
COA7	+	93648191	93668520	COA7	NC_037330.1
MIR2285BC	+	93966868	93966927	MIR2285BC	NC_037330.1
CC2D1B	+	93997097	94018341	CC2D1B	NC_037330.1
LOC132344911	+	94045828	94065891	LOC132344911	NC_037330.1
TXNDC12	+	94278884	94312525	TXNDC12	NC_037330.1
KTI12	+	94301168	94302811	KTI12	NC_037330.1
RAB3B	+	94334017	94401959	RAB3B	NC_037330.1
NRDC	+	94437449	94540297	NRDC	NC_037330.1
MIR761	+	94462220	94462295	MIR761	NC_037330.1
LOC112446084	+	94781378	94781480	LOC112446084	NC_037330.1
EPS15	+	94802736	94942957	EPS15	NC_037330.1
TTC39A	+	94953380	95004042	TTC39A	NC_037330.1
LOC112445887	+	95076402	95108560	LOC112445887	NC_037330.1
FAF1	+	95351469	95849097	FAF1	NC_037330.1
LOC112446108	+	95835158	95835284	LOC112446108	NC_037330.1
LOC132344914	+	95899792	95903876	LOC132344914	NC_037330.1
TRNAG-GCC-8	+	96016253	96016324	TRNAG-GCC	NC_037330.1
BEND5	+	96267255	97733389	BEND5	NC_037330.1
SPATA6	+	97776124	97942867	SPATA6	NC_037330.1
SKINT1	+	98066623	98090010	SKINT1	NC_037330.1
LOC132344917	+	98214771	98226549	LOC132344917	NC_037330.1
LOC112446067	+	98965014	98965120	LOC112446067	NC_037330.1
TAL1	+	99005748	99022659	TAL1	NC_037330.1
PDZK1IP1	+	99043980	99049447	PDZK1IP1	NC_037330.1
CYP4A11	+	99208577	99222626	CYP4A11	NC_037330.1
CYP4A59	+	99242542	99265210	CYP4A59	NC_037330.1
LOC101907070	+	99389004	99400706	LOC101907070	NC_037330.1
ATPAF1	+	99466407	99492110	ATPAF1	NC_037330.1
LOC112446120	+	99486271	99486350	LOC112446120	NC_037330.1
LOC112446118	+	99486499	99486570	LOC112446118	NC_037330.1
MOB3C	+	99514845	99523397	MOB3C	NC_037330.1
KNCN	+	99573299	99586518	KNCN	NC_037330.1
TMEM275	+	99595994	99600118	TMEM275	NC_037330.1
TRNAY-GUA-10	+	99621323	99621394	TRNAY-GUA	NC_037330.1
LOC132344920	+	99772291	99782738	LOC132344920	NC_037330.1
POMGNT1	+	99869871	99893602	POMGNT1	NC_037330.1
PIK3R3	+	99963094	100067354	PIK3R3	NC_037330.1
IPP	+	100332799	100369992	IPP	NC_037330.1
GPBP1L1	+	100380727	100453755	GPBP1L1	NC_037330.1
CCDC17	+	100455393	100459499	CCDC17	NC_037330.1
PRDX1	+	100551342	100565153	PRDX1	NC_037330.1
CCDC163	+	100571196	100574743	CCDC163	NC_037330.1
TESK2	+	100579676	100718927	TESK2	NC_037330.1
MUTYH	+	100722449	100731012	MUTYH	NC_037330.1
LOC101903478	+	100746725	100748163	LOC101903478	NC_037330.1
LOC112446022	+	101027293	101033407	LOC112446022	NC_037330.1
EIF2B3	+	101059252	101173087	EIF2B3	NC_037330.1
PTCH2	+	101178947	101194933	PTCH2	NC_037330.1
DYNLT4	+	101197671	101208446	DYNLT4	NC_037330.1
LOC112446152	+	101197671	101197787	LOC112446152	NC_037330.1
BEST4	+	101225481	101230182	BEST4	NC_037330.1
LOC112446153	+	101285954	101286069	LOC112446153	NC_037330.1
LOC112446026	+	101293257	101298480	LOC112446026	NC_037330.1
TMEM53	+	101355012	101371875	TMEM53	NC_037330.1
LOC112446024	+	101393245	101398502	LOC112446024	NC_037330.1
LOC112446025	+	101404205	101408577	LOC112446025	NC_037330.1
ERI3	+	101701175	101832068	ERI3	NC_037330.1
MIR2414	+	101721202	101721275	MIR2414	NC_037330.1
LOC112446027	+	102028958	102031152	LOC112446027	NC_037330.1
LOC104971821	+	102084074	102085927	LOC104971821	NC_037330.1
LOC132344925	+	102111381	102118391	LOC132344925	NC_037330.1
LOC112446029	+	102127941	102131031	LOC112446029	NC_037330.1
LOC132344926	+	102340507	102342713	LOC132344926	NC_037330.1
HYI	+	102572988	102575899	HYI	NC_037330.1
ELOVL1	+	102629353	102654978	ELOVL1	NC_037330.1
LOC100335822	+	102635332	102650179	LOC100335822	NC_037330.1
LOC112446077	+	102671235	102671338	LOC112446077	NC_037330.1
C3H1orf210	+	102740904	102744564	C3H1orf210	NC_037330.1
LOC112446030	+	102757721	102763361	LOC112446030	NC_037330.1
EBNA1BP2	+	102839305	102846241	EBNA1BP2	NC_037330.1
OR13P12	+	102968401	102969339	OR13P12	NC_037330.1
OR13P3	+	103009435	103010373	OR13P3	NC_037330.1
OR13P8	+	103021038	103022015	OR13P8	NC_037330.1
SLC2A1	+	103309108	103337308	SLC2A1	NC_037330.1
SVBP	+	103432228	103438945	SVBP	NC_037330.1
LOC132344930	+	103441539	103443548	LOC132344930	NC_037330.1
P3H1	+	103472286	103491713	P3H1	NC_037330.1
CLDN19	+	103497619	103503589	CLDN19	NC_037330.1
LOC101907688	+	103807820	103855399	LOC101907688	NC_037330.1
FOXJ3	+	103880144	104005463	FOXJ3	NC_037330.1
GUCA2A	+	104015524	104017512	GUCA2A	NC_037330.1
HIVEP3	+	104109132	104674369	HIVEP3	NC_037330.1
EDN2	+	104675974	104706951	EDN2	NC_037330.1
SCMH1	+	104965000	105189644	SCMH1	NC_037330.1
LOC112446072	+	104978901	104979004	LOC112446072	NC_037330.1
SLFNL1	+	105189739	105198784	SLFNL1	NC_037330.1
CITED4	+	105348797	105350138	CITED4	NC_037330.1
LOC132344933	+	105372261	105374678	LOC132344933	NC_037330.1
LOC511494	+	105588541	105590193	LOC511494	NC_037330.1
LOC132344936	+	105825411	105832304	LOC132344936	NC_037330.1
LOC132344935	+	106096076	106111007	LOC132344935	NC_037330.1
MYCL	+	106185553	106192460	MYCL	NC_037330.1
OXCT2	+	106312933	106314714	OXCT2	NC_037330.1
HPCAL4	+	106386581	106398495	HPCAL4	NC_037330.1
NT5C1A	+	106403642	106419979	NT5C1A	NC_037330.1
TRNAG-CCC-33	+	106440739	106440811	TRNAG-CCC	NC_037330.1
HEYL	+	106442708	106458224	HEYL	NC_037330.1
LOC132344937	+	106470077	106493742	LOC132344937	NC_037330.1
LOC112446114	+	106501834	106501968	LOC112446114	NC_037330.1
LOC112446146	+	106898191	106898377	LOC112446146	NC_037330.1
RHBDL2	+	107046867	107104905	RHBDL2	NC_037330.1
GJA9	+	107105731	107111925	GJA9	NC_037330.1
MYCBP	+	107111985	107117816	MYCBP	NC_037330.1
TRNAG-CCC-34	+	107343177	107343249	TRNAG-CCC	NC_037330.1
LOC132344940	+	107848242	107856345	LOC132344940	NC_037330.1
POU3F1	+	107920730	107922878	POU3F1	NC_037330.1
LOC132344941	+	107929276	107933501	LOC132344941	NC_037330.1
FHL3	+	107959498	107967118	FHL3	NC_037330.1
SF3A3	+	107971383	107997699	SF3A3	NC_037330.1
INPP5B	+	108007152	108061926	INPP5B	NC_037330.1
YRDC	+	108108908	108112891	YRDC	NC_037330.1
EPHA10	+	108149712	108190353	EPHA10	NC_037330.1
GNL2	+	108305146	108329388	GNL2	NC_037330.1
MEAF6	+	108368114	108394597	MEAF6	NC_037330.1
LOC104971855	+	108411692	108412660	LOC104971855	NC_037330.1
LOC104971841	+	108555688	108570744	LOC104971841	NC_037330.1
LOC132344944	+	109286081	109290333	LOC132344944	NC_037330.1
MRPS15	+	109431369	109437176	MRPS15	NC_037330.1
OSCP1	+	109442362	109476004	OSCP1	NC_037330.1
LSM10	+	109482126	109484588	LSM10	NC_037330.1
STK40	+	109490579	109528381	STK40	NC_037330.1
EVA1B	+	109534476	109536843	EVA1B	NC_037330.1
TRAPPC3	+	109673385	109691951	TRAPPC3	NC_037330.1
TRNAG-CCC-35	+	109681208	109681280	TRNAG-CCC	NC_037330.1
COL8A2	+	109696699	109721078	COL8A2	NC_037330.1
CLSPN	+	109981487	110048620	CLSPN	NC_037330.1
C3H1orf216	+	110063170	110067555	C3H1orf216	NC_037330.1
PSMB2	+	110137561	110174101	PSMB2	NC_037330.1
KIAA0319L	+	110210991	110308099	KIAA0319L	NC_037330.1
ZMYM6	+	110648283	110694119	ZMYM6	NC_037330.1
LOC101904946	+	110653696	110658999	LOC101904946	NC_037330.1
TMEM35B	+	110694881	110698150	TMEM35B	NC_037330.1
LOC101907642	+	110699137	110705132	LOC101907642	NC_037330.1
DLGAP3	+	110766002	110827929	DLGAP3	NC_037330.1
SMIM12	+	110835257	110839537	SMIM12	NC_037330.1
LOC132344948	+	110928025	110930842	LOC132344948	NC_037330.1
CSMD2	+	111603928	112293804	CSMD2	NC_037330.1
LOC112446088	+	112298365	112298469	LOC112446088	NC_037330.1
LOC104971852	+	112359819	112369032	LOC104971852	NC_037330.1
EFHD1	+	112396798	112440868	EFHD1	NC_037330.1
SNORC	+	112598880	112609172	SNORC	NC_037330.1
NEU2	+	112759436	112762155	NEU2	NC_037330.1
INPP5D	+	112794197	112931953	INPP5D	NC_037330.1
ATG16L1	+	112968427	113012711	ATG16L1	NC_037330.1
LOC112446116	+	112988386	112988659	LOC112446116	NC_037330.1
SAG	+	113012794	113054216	SAG	NC_037330.1
DGKD	+	113062330	113172643	DGKD	NC_037330.1
UGT1A6	+	113301530	113424530	UGT1A6	NC_037330.1
LOC100848668	+	113336792	113337743	LOC100848668	NC_037330.1
LOC132344951	+	113341268	113418933	LOC132344951	NC_037330.1
LOC132344949	+	113365057	113372329	LOC132344949	NC_037330.1
UGT1A1	+	113411746	113425179	UGT1A1	NC_037330.1
TRNAR-GCG-4	+	113537774	113537845	TRNAR-GCG	NC_037330.1
TRPM8	+	113585866	113677902	TRPM8	NC_037330.1
TRNAG-CCC-36	+	113612310	113612382	TRNAG-CCC	NC_037330.1
SPP2	+	113703201	113730900	SPP2	NC_037330.1
LOC132344953	+	113824037	113831905	LOC132344953	NC_037330.1
LOC101904718	+	113885091	113952620	LOC101904718	NC_037330.1
SH3BP4	+	114535253	114633955	SH3BP4	NC_037330.1
ACKR3	+	116025262	116037483	ACKR3	NC_037330.1
COPS8	+	116552279	116565322	COPS8	NC_037330.1
LOC101906731	+	116579736	116584950	LOC101906731	NC_037330.1
MLPH	+	116959511	117005443	MLPH	NC_037330.1
PRLH	+	117013542	117014310	PRLH	NC_037330.1
LOC112446041	+	117030381	117031601	LOC112446041	NC_037330.1
LRRFIP1	+	117074079	117235567	LRRFIP1	NC_037330.1
RBM44	+	117242757	117271672	RBM44	NC_037330.1
RAMP1	+	117279469	117320641	RAMP1	NC_037330.1
MIR2902	+	117347056	117347120	MIR2902	NC_037330.1
UBE2F	+	117354123	117399776	UBE2F	NC_037330.1
SCLY	+	117410284	117440409	SCLY	NC_037330.1
ESPNL	+	117441095	117465058	ESPNL	NC_037330.1
KLHL30	+	117472333	117485426	KLHL30	NC_037330.1
ERFE	+	117490212	117500140	ERFE	NC_037330.1
LOC132344956	+	117553570	117560280	LOC132344956	NC_037330.1
TWIST2	+	118051375	118103634	TWIST2	NC_037330.1
LOC101907383	+	118409871	118413748	LOC101907383	NC_037330.1
LOC112445916	+	118513138	118513449	LOC112445916	NC_037330.1
LOC101907483	+	118557408	118566304	LOC101907483	NC_037330.1
OR9S41	+	118994960	118995910	OR9S41	NC_037330.1
OR9S3	+	119005525	119006475	OR9S3	NC_037330.1
OR9S29	+	119015649	119016599	OR9S29	NC_037330.1
OR9S33	+	119044499	119045437	OR9S33	NC_037330.1
OR9S30	+	119062355	119063379	OR9S30	NC_037330.1
OR9S32	+	119089623	119090603	OR9S32	NC_037330.1
OR9S39	+	119308579	119309529	OR9S39	NC_037330.1
OR9S36B	+	119348125	119349075	OR9S36B	NC_037330.1
LOC132342083	+	119480498	119499455	LOC132342083	NC_037330.1
LOC112446046	+	119505699	119509542	LOC112446046	NC_037330.1
LOC132344959	+	119575531	119586335	LOC132344959	NC_037330.1
OR9S36	+	119620421	119621371	OR9S36	NC_037330.1
OR9S40	+	119633163	119634113	OR9S40	NC_037330.1
OR9S15	+	119648860	119649810	OR9S15	NC_037330.1
LOC107132360	+	119786835	119794256	LOC107132360	NC_037330.1
GPC1	+	119863738	119891434	GPC1	NC_037330.1
MIR149	+	119882799	119882888	MIR149	NC_037330.1
DUSP28	+	119952771	119956008	DUSP28	NC_037330.1
RNPEPL1	+	119958281	119967060	RNPEPL1	NC_037330.1
CAPN10	+	119973240	119983822	CAPN10	NC_037330.1
CROCC2	+	120181230	120250472	CROCC2	NC_037330.1
SNED1	+	120254191	120329540	SNED1	NC_037330.1
PPP1R7	+	120373077	120389114	PPP1R7	NC_037330.1
ANO7	+	120406830	120420118	ANO7	NC_037330.1
SEPTIN2	+	120481513	120511027	SEPTIN2	NC_037330.1
ATG4B	+	120717134	120724948	ATG4B	NC_037330.1
ING5	+	120743880	120757740	ING5	NC_037330.1
D2HGDH	+	120765589	120791784	D2HGDH	NC_037330.1
GAL3ST2	+	120799316	120822119	GAL3ST2	NC_037330.1
RTP5	+	120858039	120863495	RTP5	NC_037330.1
LOC132344964	+	120942621	120946301	LOC132344964	NC_037330.1
TRNAY-AUA-6	+	563178	563249	TRNAY-AUA	NC_037331.1
FIGNL1	+	5454402	5459030	FIGNL1	NC_037331.1
ZPBP	+	5809710	5961415	ZPBP	NC_037331.1
LOC132345060	+	5982425	5988608	LOC132345060	NC_037331.1
LOC132345177	+	6638562	6655835	LOC132345177	NC_037331.1
LOC132345179	+	6951686	6961539	LOC132345179	NC_037331.1
LOC132345062	+	7221254	7222941	LOC132345062	NC_037331.1
PTTG1IP2	+	7814627	7848455	PTTG1IP2	NC_037331.1
CDK14	+	7938106	8616501	CDK14	NC_037331.1
FZD1	+	8665915	8670065	FZD1	NC_037331.1
LOC112446470	+	8735575	8738071	LOC112446470	NC_037331.1
AKAP9	+	9292218	9457343	AKAP9	NC_037331.1
LOC112446355	+	9521982	9542288	LOC112446355	NC_037331.1
TRNAW-CCA-27	+	9801261	9801333	TRNAW-CCA	NC_037331.1
TRNAG-CCC-39	+	9837656	9837728	TRNAG-CCC	NC_037331.1
RBM48	+	9870966	9877235	RBM48	NC_037331.1
LOC132345168	+	9945455	9959172	LOC132345168	NC_037331.1
LOC132345167	+	10009750	10012891	LOC132345167	NC_037331.1
VPS50	+	10600841	10732875	VPS50	NC_037331.1
MIR378-2	+	10883955	10884030	MIR378-2	NC_037331.1
GNGT1	+	11210171	11235219	GNGT1	NC_037331.1
GNG11	+	11242533	11247552	GNG11	NC_037331.1
COL1A2	+	11776417	11813113	COL1A2	NC_037331.1
CASD1	+	11887234	11941030	CASD1	NC_037331.1
PEG10	+	12063954	12076659	PEG10	NC_037331.1
LOC112446539	+	12093642	12093745	LOC112446539	NC_037331.1
PPP1R9A	+	12190881	12540227	PPP1R9A	NC_037331.1
LOC132345067	+	12631457	12668011	LOC132345067	NC_037331.1
ASB4	+	12750597	12827726	ASB4	NC_037331.1
LOC112446540	+	12925810	12925914	LOC112446540	NC_037331.1
DYNC1I1	+	13061908	13441077	DYNC1I1	NC_037331.1
LOC101909690	+	13470443	13478214	LOC101909690	NC_037331.1
LOC112446491	+	13669967	13670098	LOC112446491	NC_037331.1
LOC618297	+	14080188	14117061	LOC618297	NC_037331.1
DLX6	+	14389252	14394729	DLX6	NC_037331.1
TAC1	+	15014520	15023125	TAC1	NC_037331.1
C1GALT1	+	15276517	15320913	C1GALT1	NC_037331.1
TRNAS-GCU-2	+	15473970	15474041	TRNAS-GCU	NC_037331.1
TRNAC-GCA-30	+	15691025	15691096	TRNAC-GCA	NC_037331.1
LOC614650	+	16364679	16376872	LOC614650	NC_037331.1
TRNAC-GCA-31	+	16735036	16735107	TRNAC-GCA	NC_037331.1
LOC781499	+	16779764	16781321	LOC781499	NC_037331.1
LOC132345068	+	17867571	17923796	LOC132345068	NC_037331.1
LOC101906041	+	19049248	19050891	LOC101906041	NC_037331.1
PHF14	+	19065659	19264739	PHF14	NC_037331.1
TMEM106B	+	20366127	20393740	TMEM106B	NC_037331.1
LOC112446322	+	20403436	20532420	LOC112446322	NC_037331.1
C4H7orf78	+	20578471	20589659	C4H7orf78	NC_037331.1
LOC112446324	+	21186088	21298930	LOC112446324	NC_037331.1
LOC132345069	+	22196728	22198264	LOC132345069	NC_037331.1
LOC132345070	+	24828131	24837648	LOC132345070	NC_037331.1
LRRC72	+	25014047	25086373	LRRC72	NC_037331.1
TRNAG-CCC-40	+	25135315	25135387	TRNAG-CCC	NC_037331.1
TSPAN13	+	25245149	25283286	TSPAN13	NC_037331.1
LOC132345071	+	25342347	25402451	LOC132345071	NC_037331.1
AHR	+	25805796	25857409	AHR	NC_037331.1
HDAC9	+	26685125	27674074	HDAC9	NC_037331.1
TRNAR-GCG-5	+	28579765	28579836	TRNAR-GCG	NC_037331.1
ITGB8	+	29021938	29120852	ITGB8	NC_037331.1
LOC104971984	+	29981545	30214065	LOC104971984	NC_037331.1
LOC613345	+	30029323	30029848	LOC613345	NC_037331.1
SP4	+	30225694	30307905	SP4	NC_037331.1
DNAH11	+	30324465	30693669	DNAH11	NC_037331.1
LOC613401	+	31569602	31570772	LOC613401	NC_037331.1
KLHL7	+	31768351	31824072	KLHL7	NC_037331.1
SLC25A40	+	32315242	32395567	SLC25A40	NC_037331.1
RUNDC3B	+	32564161	32731461	RUNDC3B	NC_037331.1
TRNAC-GCA-35	+	32827677	32827748	TRNAC-GCA	NC_037331.1
ABCB1	+	32879527	32982658	ABCB1	NC_037331.1
ABCB4	+	33007201	33080045	ABCB4	NC_037331.1
LOC511386	+	33212374	33213566	LOC511386	NC_037331.1
TMEM243	+	33227031	33248625	TMEM243	NC_037331.1
LOC132345077	+	33386672	33396416	LOC132345077	NC_037331.1
ELAPOR2	+	33398732	33619897	ELAPOR2	NC_037331.1
TRNAS-GGA-25	+	34061782	34061854	TRNAS-GGA	NC_037331.1
LOC112446524	+	34689758	34689864	LOC112446524	NC_037331.1
LOC104972001	+	36710836	36712911	LOC104972001	NC_037331.1
SEMA3E	+	36966758	37240372	SEMA3E	NC_037331.1
PCLO	+	37450257	37842376	PCLO	NC_037331.1
LOC112446518	+	37717157	37717263	LOC112446518	NC_037331.1
CACNA2D1	+	38153208	38673177	CACNA2D1	NC_037331.1
HGF	+	38928997	39014317	HGF	NC_037331.1
LOC132345080	+	39098259	39099679	LOC132345080	NC_037331.1
LOC132345183	+	39620919	39623833	LOC132345183	NC_037331.1
SEMA3C	+	39939718	40147672	SEMA3C	NC_037331.1
LOC112446327	+	40861682	40864160	LOC112446327	NC_037331.1
MAGI2	+	41795463	43262942	MAGI2	NC_037331.1
TMEM60	+	43450254	43454106	TMEM60	NC_037331.1
LOC100848405	+	43548543	43571899	LOC100848405	NC_037331.1
LOC112446492	+	43585507	43585651	LOC112446492	NC_037331.1
LOC104972024	+	43690931	43717624	LOC104972024	NC_037331.1
LOC101904948	+	43766720	43809716	LOC101904948	NC_037331.1
FAM185A	+	44058041	44149265	FAM185A	NC_037331.1
LOC132345171	+	44211797	44216070	LOC132345171	NC_037331.1
ARMC10	+	44363535	44487228	ARMC10	NC_037331.1
LOC112446520	+	44457763	44457869	LOC112446520	NC_037331.1
PMPCB	+	44517271	44531443	PMPCB	NC_037331.1
PSMC2	+	44569120	44582371	PSMC2	NC_037331.1
LHFPL3	+	45537734	46118812	LHFPL3	NC_037331.1
KMT2E	+	46202224	46293391	KMT2E	NC_037331.1
RINT1	+	46647157	46670710	RINT1	NC_037331.1
TRNAG-UCC-20	+	46789992	46790064	TRNAG-UCC	NC_037331.1
LOC107132399	+	46954277	46955961	LOC107132399	NC_037331.1
PIK3CG	+	47988414	48024313	PIK3CG	NC_037331.1
LOC112446374	+	48084184	48146583	LOC112446374	NC_037331.1
LOC104972045	+	48121478	48133512	LOC104972045	NC_037331.1
PRKAR2B	+	48154294	48255027	PRKAR2B	NC_037331.1
LOC132345086	+	48154611	48180278	LOC132345086	NC_037331.1
HBP1	+	48265379	48296504	HBP1	NC_037331.1
BCAP29	+	48591531	48644093	BCAP29	NC_037331.1
LOC112446507	+	48615763	48615892	LOC112446507	NC_037331.1
SLC26A4	+	48677351	48737804	SLC26A4	NC_037331.1
TRNAW-CCA-29	+	48949254	48949325	TRNAW-CCA	NC_037331.1
LOC132345088	+	48994570	48996638	LOC132345088	NC_037331.1
LOC112446376	+	49638500	49639952	LOC112446376	NC_037331.1
LOC784535	+	49663244	49666968	LOC784535	NC_037331.1
NME8	+	49679504	49730298	NME8	NC_037331.1
STARD3NL	+	49987458	50048659	STARD3NL	NC_037331.1
LOC132345091	+	50056597	50069978	LOC132345091	NC_037331.1
LOC112446378	+	50142128	50148466	LOC112446378	NC_037331.1
LOC132345092	+	50152521	50156339	LOC132345092	NC_037331.1
ASZ1	+	51002561	51078384	ASZ1	NC_037331.1
WNT2	+	51106080	51149997	WNT2	NC_037331.1
TFEC	+	52282150	52499622	TFEC	NC_037331.1
LOC112446383	+	54172533	54173361	LOC112446383	NC_037331.1
GPR85	+	55320492	55329207	GPR85	NC_037331.1
LOC112446329	+	55397135	55418471	LOC112446329	NC_037331.1
BMT2	+	55467597	55545662	BMT2	NC_037331.1
TMEM168	+	55559980	55621359	TMEM168	NC_037331.1
LOC112446331	+	55744066	55747499	LOC112446331	NC_037331.1
DOCK4	+	56119697	56599474	DOCK4	NC_037331.1
IMMP2L	+	56761211	57722694	IMMP2L	NC_037331.1
LOC132345099	+	57765322	57792244	LOC132345099	NC_037331.1
THAP5	+	59588119	59596267	THAP5	NC_037331.1
LOC132345100	+	59710138	59721979	LOC132345100	NC_037331.1
LOC112446385	+	59757114	59813813	LOC112446385	NC_037331.1
ELMO1	+	59868012	60450511	ELMO1	NC_037331.1
LOC132345101	+	60310513	60357356	LOC132345101	NC_037331.1
AOAH	+	60547530	60732295	AOAH	NC_037331.1
MATCAP2	+	60838935	60917474	MATCAP2	NC_037331.1
LOC132345102	+	61015653	61020334	LOC132345102	NC_037331.1
LOC112446521	+	61259466	61259572	LOC112446521	NC_037331.1
LOC780968	+	61672546	61673353	LOC780968	NC_037331.1
DPY19L1	+	61976353	62068868	DPY19L1	NC_037331.1
LOC132345103	+	62074891	62120724	LOC132345103	NC_037331.1
LOC112446519	+	63310162	63310268	LOC112446519	NC_037331.1
RP9	+	63730175	63746288	RP9	NC_037331.1
LOC132345104	+	63854768	63881544	LOC132345104	NC_037331.1
KBTBD2	+	63906367	63926884	KBTBD2	NC_037331.1
LSM5	+	64014968	64018570	LSM5	NC_037331.1
PDE1C	+	64177193	64717487	PDE1C	NC_037331.1
LOC112446389	+	65311471	65312997	LOC112446389	NC_037331.1
INMT	+	65603906	65608037	INMT	NC_037331.1
CRHR2	+	65647884	65692602	CRHR2	NC_037331.1
LOC132345106	+	65784939	65796139	LOC132345106	NC_037331.1
GGCT	+	65806682	65816133	GGCT	NC_037331.1
NOD1	+	65822433	65911848	NOD1	NC_037331.1
LOC107132410	+	66052993	66055739	LOC107132410	NC_037331.1
FKBP14	+	66328674	66340718	FKBP14	NC_037331.1
SCRN1	+	66355073	66421249	SCRN1	NC_037331.1
LOC132345108	+	66635390	66637630	LOC132345108	NC_037331.1
LOC132345109	+	66722489	66728602	LOC132345109	NC_037331.1
CPVL	+	67029973	67157610	CPVL	NC_037331.1
HIBADH	+	68473833	68724002	HIBADH	NC_037331.1
LOC112446493	+	68490451	68490521	LOC112446493	NC_037331.1
HOXA13	+	68842241	68849845	HOXA13	NC_037331.1
LOC112446395	+	68850151	68855417	LOC112446395	NC_037331.1
HOXA11	+	68857227	68861039	HOXA11	NC_037331.1
HOXA10	+	68862754	68872140	HOXA10	NC_037331.1
MIR196B	+	68873154	68873238	MIR196B	NC_037331.1
HOXA9	+	68877182	68880322	HOXA9	NC_037331.1
HOXA5	+	68890110	68902609	HOXA5	NC_037331.1
HOXA6	+	68890110	68897026	HOXA6	NC_037331.1
HOXA3	+	68902556	68934988	HOXA3	NC_037331.1
HOXA4	+	68911991	68914205	HOXA4	NC_037331.1
HOXA2	+	68939317	68941296	HOXA2	NC_037331.1
HOXA1	+	68945946	68947578	HOXA1	NC_037331.1
LOC112446335	+	69487700	69492248	LOC112446335	NC_037331.1
LOC107132414	+	69654008	69686383	LOC107132414	NC_037331.1
HNRNPA2B1	+	69735071	69744821	HNRNPA2B1	NC_037331.1
MIR148A	+	69949480	69949547	MIR148A	NC_037331.1
LOC132345116	+	70048693	70060954	LOC132345116	NC_037331.1
NPVF	+	70667240	70670595	NPVF	NC_037331.1
CYCS	+	70735436	70738314	CYCS	NC_037331.1
OSBPL3	+	70844977	71044400	OSBPL3	NC_037331.1
LOC112446504	+	70963720	70963845	LOC112446504	NC_037331.1
LOC100299757	+	71063202	71063966	LOC100299757	NC_037331.1
GSDME	+	71088530	71193360	GSDME	NC_037331.1
ADAM22	+	72076705	72315326	ADAM22	NC_037331.1
LOC132345119	+	72371216	72378189	LOC132345119	NC_037331.1
LOC112446399	+	72457712	72834090	LOC112446399	NC_037331.1
ZNF804B	+	72859147	73427125	ZNF804B	NC_037331.1
TRNAC-ACA-39	+	73503239	73503311	TRNAC-ACA	NC_037331.1
TRNAY-AUA-7	+	74256945	74257018	TRNAY-AUA	NC_037331.1
LOC112446401	+	74335713	74339034	LOC112446401	NC_037331.1
STEAP1	+	74355549	74368432	STEAP1	NC_037331.1
STEAP2	+	74405770	74430951	STEAP2	NC_037331.1
CFAP69	+	74442984	74510152	CFAP69	NC_037331.1
LOC112446402	+	75036698	75053617	LOC112446402	NC_037331.1
TRNAR-ACG-5	+	75682636	75682707	TRNAR-ACG	NC_037331.1
CCDC201	+	76148116	76158248	CCDC201	NC_037331.1
TBRG4	+	76522729	76531886	TBRG4	NC_037331.1
LOC112446496	+	76527187	76527322	LOC112446496	NC_037331.1
NACAD	+	76537678	76548759	NACAD	NC_037331.1
LOC100140586	+	76602982	76609088	LOC100140586	NC_037331.1
LOC112446500	+	76612259	76612390	LOC112446500	NC_037331.1
LOC101904529	+	76613836	76614444	LOC101904529	NC_037331.1
MYO1G	+	76617259	76633186	MYO1G	NC_037331.1
MIR4657	+	76669524	76669576	MIR4657	NC_037331.1
H2AZ2	+	76689382	76701177	H2AZ2	NC_037331.1
TMED4	+	76859676	76862454	TMED4	NC_037331.1
DDX56	+	76865591	76874946	DDX56	NC_037331.1
NPC1L1	+	76891113	76915845	NPC1L1	NC_037331.1
NUDCD3	+	76917637	76988089	NUDCD3	NC_037331.1
CAMK2B	+	77025355	77117684	CAMK2B	NC_037331.1
GCK	+	77139658	77175873	GCK	NC_037331.1
POLD2	+	77192589	77200482	POLD2	NC_037331.1
TRNAC-ACA-40	+	77638471	77638543	TRNAC-ACA	NC_037331.1
PSMA2	+	78127061	78137710	PSMA2	NC_037331.1
C4H7orf25	+	78144406	78147228	C4H7orf25	NC_037331.1
GLI3	+	78747083	79065262	GLI3	NC_037331.1
MPLKIP	+	80929371	80931413	MPLKIP	NC_037331.1
LOC112446410	+	81460004	81489679	LOC112446410	NC_037331.1
VPS41	+	81966832	82193211	VPS41	NC_037331.1
AMPH	+	82295815	82508662	AMPH	NC_037331.1
LOC100335205	+	82548059	82572805	LOC100335205	NC_037331.1
LOC101907022	+	82556294	82556773	LOC101907022	NC_037331.1
LOC132345125	+	82618230	82619711	LOC132345125	NC_037331.1
LOC132345124	+	82638668	82639761	LOC132345124	NC_037331.1
TRNAS-UGA	+	84250418	84250489	TRNAS-UGA	NC_037331.1
KCND2	+	84688361	85252121	KCND2	NC_037331.1
LOC104972173	+	85379690	85388313	LOC104972173	NC_037331.1
LOC132345187	+	86253415	86265413	LOC132345187	NC_037331.1
LOC132345188	+	87351324	87373404	LOC132345188	NC_037331.1
LOC132345189	+	87681662	87694593	LOC132345189	NC_037331.1
LOC112446488	+	87837227	87837289	LOC112446488	NC_037331.1
ASB15	+	87890761	87944657	ASB15	NC_037331.1
LMOD2	+	87959332	87968300	LMOD2	NC_037331.1
SPAM1	+	88202791	88222320	SPAM1	NC_037331.1
LOC527125	+	88266560	88282917	LOC527125	NC_037331.1
LOC509761	+	88343256	88378109	LOC509761	NC_037331.1
LOC112446535	+	88928692	88928798	LOC112446535	NC_037331.1
LOC132345190	+	89587459	89668528	LOC132345190	NC_037331.1
ARF5	+	91819168	91822149	ARF5	NC_037331.1
FSCN3	+	91824101	91835618	FSCN3	NC_037331.1
SND1	+	91873942	92296112	SND1	NC_037331.1
TRNAC-ACA-42	+	92317024	92317096	TRNAC-ACA	NC_037331.1
MIR129-1	+	92407943	92408014	MIR129-1	NC_037331.1
LEP	+	92436910	92453660	LEP	NC_037331.1
HILPDA	+	92647984	92650046	HILPDA	NC_037331.1
GARIN1A	+	92662571	92674006	GARIN1A	NC_037331.1
GARIN1B	+	92691383	92711511	GARIN1B	NC_037331.1
LOC104968435	+	92735409	92736081	LOC104968435	NC_037331.1
TRNAP-AGG-2	+	92756488	92756559	TRNAP-AGG	NC_037331.1
CCDC136	+	92763374	92791519	CCDC136	NC_037331.1
FLNC	+	92797981	92825728	FLNC	NC_037331.1
MIR2422	+	92808114	92808181	MIR2422	NC_037331.1
ATP6V1F	+	92828697	92831381	ATP6V1F	NC_037331.1
ATP6V1FNB	+	92831545	92834119	ATP6V1FNB	NC_037331.1
IRF5	+	92892434	92905306	IRF5	NC_037331.1
TSPAN33	+	93068920	93088748	TSPAN33	NC_037331.1
SMO	+	93108630	93132945	SMO	NC_037331.1
AHCYL2	+	93142655	93333823	AHCYL2	NC_037331.1
LOC101904796	+	93188869	93190292	LOC101904796	NC_037331.1
SMKR1	+	93394759	93401401	SMKR1	NC_037331.1
NRF1	+	93450651	93581394	NRF1	NC_037331.1
KLHDC10	+	93862100	93959393	KLHDC10	NC_037331.1
LOC112446532	+	93935150	93935256	LOC112446532	NC_037331.1
SSMEM1	+	93985493	93995178	SSMEM1	NC_037331.1
CPA4	+	94025051	94070086	CPA4	NC_037331.1
CPA5	+	94063807	94118097	CPA5	NC_037331.1
MIR335	+	94255083	94255174	MIR335	NC_037331.1
TRNAG-CCC-41	+	94587215	94587287	TRNAG-CCC	NC_037331.1
LOC112446482	+	94592882	94636393	LOC112446482	NC_037331.1
LOC107132431	+	94650086	94659351	LOC107132431	NC_037331.1
LOC132345131	+	95741318	95761694	LOC132345131	NC_037331.1
LOC132345132	+	95882729	95885870	LOC132345132	NC_037331.1
EXOC4	+	96940084	97746098	EXOC4	NC_037331.1
LRGUK	+	97789652	97921873	LRGUK	NC_037331.1
AKR1B10	+	98217438	98239459	AKR1B10	NC_037331.1
BPGM	+	98321779	98353161	BPGM	NC_037331.1
CALD1	+	98449568	98681120	CALD1	NC_037331.1
AGBL3	+	98689335	98797829	AGBL3	NC_037331.1
LOC112446537	+	98792121	98792227	LOC112446537	NC_037331.1
STRA8	+	98860168	98885232	STRA8	NC_037331.1
TRNAR-GCG-6	+	99313416	99313488	TRNAR-GCG	NC_037331.1
NUP205	+	99380482	99461015	NUP205	NC_037331.1
STMP1	+	99462822	99479221	STMP1	NC_037331.1
CHRM2	+	100594551	100758282	CHRM2	NC_037331.1
MIR490	+	100636672	100636798	MIR490	NC_037331.1
TRNAC-GCA-39	+	100736727	100736798	TRNAC-GCA	NC_037331.1
TRIM24	+	102169730	102285948	TRIM24	NC_037331.1
LOC132345133	+	102338541	102344104	LOC132345133	NC_037331.1
TMEM213	+	102461080	102467312	TMEM213	NC_037331.1
TTC26	+	102730681	102772290	TTC26	NC_037331.1
UBN2	+	102782761	102862036	UBN2	NC_037331.1
FMC1	+	102878437	102882755	FMC1	NC_037331.1
LUC7L2	+	102894844	102951421	LUC7L2	NC_037331.1
CLEC2L	+	103009031	103029957	CLEC2L	NC_037331.1
LOC107132435	+	103120265	103130325	LOC107132435	NC_037331.1
TBXAS1	+	103295538	103468927	TBXAS1	NC_037331.1
RAB19	+	103793717	103806850	RAB19	NC_037331.1
TRNAG-UCC-22	+	103933702	103933774	TRNAG-UCC	NC_037331.1
LOC101907501	+	104273471	104294232	LOC101907501	NC_037331.1
LOC132345137	+	104294410	104298387	LOC132345137	NC_037331.1
TMEM178B	+	104313802	104737072	TMEM178B	NC_037331.1
TRNAC-GCA-41	+	104457282	104457353	TRNAC-GCA	NC_037331.1
AGK	+	104801932	104902621	AGK	NC_037331.1
WEE2	+	104971535	104999649	WEE2	NC_037331.1
SSBP1	+	105004030	105014764	SSBP1	NC_037331.1
TAS2R3	+	105035964	105036914	TAS2R3	NC_037331.1
TAS2R5	+	105061067	105062366	TAS2R5	NC_037331.1
OR9A4	+	105141855	105143153	OR9A4	NC_037331.1
OR9A18	+	105197080	105198024	OR9A18	NC_037331.1
LOC100296901	+	105376163	105471339	LOC100296901	NC_037331.1
LOC101902292	+	105490981	105492347	LOC101902292	NC_037331.1
LOC100300510	+	105571958	106107652	LOC100300510	NC_037331.1
LOC615948	+	105588028	105591495	LOC615948	NC_037331.1
LOC100297263	+	105601901	105604016	LOC100297263	NC_037331.1
LOC101904744	+	105624892	105625852	LOC101904744	NC_037331.1
LOC100299076	+	105634689	105636185	LOC100299076	NC_037331.1
LOC104972445	+	105650999	105652230	LOC104972445	NC_037331.1
LOC132345140	+	105652724	105654711	LOC132345140	NC_037331.1
LOC112446445	+	105676923	105677523	LOC112446445	NC_037331.1
LOC132345141	+	105704831	105708260	LOC132345141	NC_037331.1
LOC107132437	+	105715756	105719021	LOC107132437	NC_037331.1
LOC101904319	+	105743433	105744557	LOC101904319	NC_037331.1
LOC100851681	+	105783549	105786632	LOC100851681	NC_037331.1
LOC132345145	+	105787636	105788239	LOC132345145	NC_037331.1
LOC509513	+	105805344	106089047	LOC509513	NC_037331.1
LOC112446440	+	105820801	105821957	LOC112446440	NC_037331.1
LOC101903590	+	105841571	105842757	LOC101903590	NC_037331.1
LOC101904148	+	105870974	105872263	LOC101904148	NC_037331.1
LOC112446446	+	105912626	105917670	LOC112446446	NC_037331.1
LOC132345144	+	105948853	105950201	LOC132345144	NC_037331.1
LOC101902921	+	106001792	106002294	LOC101902921	NC_037331.1
LOC132345142	+	106015338	106016177	LOC132345142	NC_037331.1
LOC132345143	+	106024091	106025668	LOC132345143	NC_037331.1
LOC101902515	+	106053742	106056454	LOC101902515	NC_037331.1
LOC786254	+	106061360	106067886	LOC786254	NC_037331.1
LOC132345139	+	106092407	106098628	LOC132345139	NC_037331.1
LLCFC1	+	106251294	106252641	LLCFC1	NC_037331.1
OR9A16	+	106384987	106385928	OR9A16	NC_037331.1
PIP	+	106481178	106491369	PIP	NC_037331.1
LOC104972276	+	106506495	106513124	LOC104972276	NC_037331.1
LOC101910192	+	106526605	106529825	LOC101910192	NC_037331.1
TAS2R39	+	106578165	106579452	TAS2R39	NC_037331.1
TAS2R40	+	106631620	106632682	TAS2R40	NC_037331.1
GSTK1	+	106651014	106656122	GSTK1	NC_037331.1
TMEM139	+	106672763	106675452	TMEM139	NC_037331.1
CASP2	+	106677737	106694497	CASP2	NC_037331.1
LOC785618	+	106839684	106842136	LOC785618	NC_037331.1
TAS2R60	+	106849537	106857507	TAS2R60	NC_037331.1
OR2F2	+	107097390	107098343	OR2F2	NC_037331.1
OR2F1	+	107134588	107135541	OR2F1	NC_037331.1
OR2F1D	+	107149939	107150892	OR2F1D	NC_037331.1
OR2Q2	+	107168194	107169129	OR2Q2	NC_037331.1
OR2Q1	+	107188484	107189425	OR2Q1	NC_037331.1
OR6B1	+	107202463	107203395	OR6B1	NC_037331.1
OR2A5	+	107233059	107233991	OR2A5	NC_037331.1
OR2A12	+	107262838	107263770	OR2A12	NC_037331.1
OR2A14B	+	107293302	107294580	OR2A14B	NC_037331.1
OR2A13	+	107320786	107321715	OR2A13	NC_037331.1
OR2A69	+	107346559	107347491	OR2A69	NC_037331.1
OR2A70	+	107371994	107372926	OR2A70	NC_037331.1
OR2A67	+	107430032	107430961	OR2A67	NC_037331.1
OR2A61	+	107510501	107511609	OR2A61	NC_037331.1
OR2A64	+	107535480	107536409	OR2A64	NC_037331.1
OR2A7	+	107556364	107557302	OR2A7	NC_037331.1
ARHGEF5	+	107620223	107650871	ARHGEF5	NC_037331.1
CNTNAP2	+	109425587	111751018	CNTNAP2	NC_037331.1
TRNAW-CCA-30	+	110860553	110860624	TRNAW-CCA	NC_037331.1
LOC100336368	+	112184418	112198735	LOC100336368	NC_037331.1
ZNF398	+	112258698	112285431	ZNF398	NC_037331.1
ZNF282	+	112292401	112318734	ZNF282	NC_037331.1
ZNF212	+	112326727	112343500	ZNF212	NC_037331.1
TRNAC-GCA-42	+	112374449	112374520	TRNAC-GCA	NC_037331.1
TRNAC-GCA-43	+	112385836	112385907	TRNAC-GCA	NC_037331.1
TRNAC-GCA-44	+	112387136	112387207	TRNAC-GCA	NC_037331.1
TRNAC-GCA-50	+	112519368	112519439	TRNAC-GCA	NC_037331.1
TRNAC-GCA-51	+	112521632	112521703	TRNAC-GCA	NC_037331.1
TRNAC-GCA-52	+	112523019	112523090	TRNAC-GCA	NC_037331.1
TRNAC-GCA-53	+	112531902	112531973	TRNAC-GCA	NC_037331.1
TRNAC-GCA-54	+	112536022	112536093	TRNAC-GCA	NC_037331.1
TRNAC-GCA-57	+	112559068	112559139	TRNAC-GCA	NC_037331.1
KRBA1	+	112564582	112586998	KRBA1	NC_037331.1
ZNF862	+	112681740	112714876	ZNF862	NC_037331.1
ATP6V0E2	+	112715024	112720181	ATP6V0E2	NC_037331.1
TRNAC-GCA-59	+	112732476	112732547	TRNAC-GCA	NC_037331.1
LRRC61	+	112737548	112749406	LRRC61	NC_037331.1
ZBED10	+	112743482	112744466	ZBED10	NC_037331.1
REPIN1	+	112780567	112787915	REPIN1	NC_037331.1
LOC112446454	+	112819497	112826509	LOC112446454	NC_037331.1
GIMAP8	+	112844135	112875598	GIMAP8	NC_037331.1
LOC132345151	+	113043995	113048742	LOC132345151	NC_037331.1
LOC768255	+	113233307	113240466	LOC768255	NC_037331.1
LOC100125415	+	113276382	113287210	LOC100125415	NC_037331.1
GIMAP1	+	113276469	113317506	GIMAP1	NC_037331.1
GIMAP2	+	113276469	113312923	GIMAP2	NC_037331.1
GIMAP5	+	113328192	113338734	GIMAP5	NC_037331.1
TRNAC-ACA-45	+	113386260	113386331	TRNAC-ACA	NC_037331.1
AOC1	+	113450722	113463258	AOC1	NC_037331.1
NOS3	+	113577075	113595527	NOS3	NC_037331.1
ABCB8	+	113605810	113623178	ABCB8	NC_037331.1
ASIC3	+	113623262	113629085	ASIC3	NC_037331.1
SLC4A2	+	113636353	113651449	SLC4A2	NC_037331.1
AGAP3	+	113661768	113718325	AGAP3	NC_037331.1
LOC112446457	+	113760988	113766424	LOC112446457	NC_037331.1
CHPF2	+	113811847	113816294	CHPF2	NC_037331.1
MIR671	+	113815894	113816011	MIR671	NC_037331.1
LOC132345153	+	113826076	113832673	LOC132345153	NC_037331.1
NUB1	+	113890577	113927356	NUB1	NC_037331.1
LOC132345154	+	113933191	113933904	LOC132345154	NC_037331.1
CCT8L2	+	114860513	114863872	CCT8L2	NC_037331.1
LOC509941	+	115468463	115469259	LOC509941	NC_037331.1
DPP6	+	115833861	116899618	DPP6	NC_037331.1
HTR5A	+	116984176	117001724	HTR5A	NC_037331.1
INSIG1	+	117125850	117138562	INSIG1	NC_037331.1
RBM33	+	117357840	117468612	RBM33	NC_037331.1
TRNAG-GCC-9	+	117371676	117371748	TRNAG-GCC	NC_037331.1
LOC132345160	+	117577818	117585197	LOC132345160	NC_037331.1
RNF32	+	118109454	118148923	RNF32	NC_037331.1
LOC112446462	+	118297070	118307070	LOC112446462	NC_037331.1
NOM1	+	118348718	118361447	NOM1	NC_037331.1
MIR11984	+	118359081	118359141	MIR11984	NC_037331.1
UBE3C	+	118465428	118580908	UBE3C	NC_037331.1
LOC107131328	+	118603418	118625299	LOC107131328	NC_037331.1
DNAJB6	+	118628494	118681024	DNAJB6	NC_037331.1
LOC104972306	+	118713725	118721706	LOC104972306	NC_037331.1
MIR2284Y-6	+	614533	614606	MIR2284Y-6	NC_037332.1
LGR5	+	1094495	1219729	LGR5	NC_037332.1
THAP2	+	1294575	1310939	THAP2	NC_037332.1
TMEM19	+	1319437	1337429	TMEM19	NC_037332.1
RAB21	+	1377716	1410175	RAB21	NC_037332.1
TBC1D15	+	1450199	1524575	TBC1D15	NC_037332.1
LOC132345233	+	2419679	2455700	LOC132345233	NC_037332.1
ATXN7L3B	+	4068535	4072271	ATXN7L3B	NC_037332.1
TRNAY-GUA-11	+	4461563	4461634	TRNAY-GUA	NC_037332.1
LOC132345234	+	4646397	4648001	LOC132345234	NC_037332.1
LOC112446641	+	4788357	4798414	LOC112446641	NC_037332.1
GLIPR1L2	+	4889587	4936705	GLIPR1L2	NC_037332.1
GLIPR1	+	4987628	5034033	GLIPR1	NC_037332.1
LOC107132452	+	5095148	5187219	LOC107132452	NC_037332.1
ZDHHC17	+	6174737	6275214	ZDHHC17	NC_037332.1
LOC132345235	+	6741713	6744806	LOC132345235	NC_037332.1
NAV3	+	6789918	7683736	NAV3	NC_037332.1
LOC132345236	+	7817759	7829337	LOC132345236	NC_037332.1
SYT1	+	8441282	9050204	SYT1	NC_037332.1
OTOGL	+	9753975	9928220	OTOGL	NC_037332.1
PTPRQ	+	10019451	10251000	PTPRQ	NC_037332.1
MYF6	+	10275399	10277216	MYF6	NC_037332.1
LOC132345239	+	10312873	10321366	LOC132345239	NC_037332.1
ACSS3	+	10671696	10861775	ACSS3	NC_037332.1
LOC112446645	+	11240088	11240483	LOC112446645	NC_037332.1
METTL25	+	11908948	12045798	METTL25	NC_037332.1
LRRIQ1	+	14673229	14899073	LRRIQ1	NC_037332.1
LOC112446650	+	16533405	16542739	LOC112446650	NC_037332.1
TMTC3	+	17932893	17984949	TMTC3	NC_037332.1
TRNAG-CCC-43	+	18484031	18484103	TRNAG-CCC	NC_037332.1
LOC107132456	+	19009239	19016808	LOC107132456	NC_037332.1
LOC107131351	+	19275727	19276985	LOC107131351	NC_037332.1
LOC101906971	+	19399398	19413454	LOC101906971	NC_037332.1
LOC132345243	+	20105415	20237081	LOC132345243	NC_037332.1
TRNAC-ACA-47	+	20268243	20268314	TRNAC-ACA	NC_037332.1
LOC101907192	+	20411014	20433490	LOC101907192	NC_037332.1
LOC107132462	+	21827276	21883776	LOC107132462	NC_037332.1
LOC107132458	+	22018552	22029958	LOC107132458	NC_037332.1
PLEKHG7	+	22564348	22646683	PLEKHG7	NC_037332.1
LOC107132464	+	22986492	22995736	LOC107132464	NC_037332.1
NUDT4	+	23191691	23208110	NUDT4	NC_037332.1
MRPL42	+	23269814	23300625	MRPL42	NC_037332.1
SOCS2	+	23367498	23372595	SOCS2	NC_037332.1
PLXNC1	+	23915481	24071725	PLXNC1	NC_037332.1
LOC100848598	+	24216381	24224008	LOC100848598	NC_037332.1
VEZT	+	24868959	24940079	VEZT	NC_037332.1
MIR331	+	24946411	24946500	MIR331	NC_037332.1
METAP2	+	25092801	25123523	METAP2	NC_037332.1
LOC101906280	+	25143937	25144742	LOC101906280	NC_037332.1
LOC112446661	+	25150693	25197504	LOC112446661	NC_037332.1
GLYCAM1	+	25478966	25481870	GLYCAM1	NC_037332.1
PPP1R1A	+	25506937	25515554	PPP1R1A	NC_037332.1
GTSF1	+	25613259	25629606	GTSF1	NC_037332.1
ITGA5	+	25662353	25683394	ITGA5	NC_037332.1
ZNF385A	+	25687002	25707959	ZNF385A	NC_037332.1
NFE2	+	25770394	25781541	NFE2	NC_037332.1
SMUG1	+	25848990	25862927	SMUG1	NC_037332.1
LOC112446665	+	25912010	25916561	LOC112446665	NC_037332.1
LOC101907194	+	26047668	26049444	LOC101907194	NC_037332.1
LOC101907241	+	26065213	26070523	LOC101907241	NC_037332.1
CALCOCO1	+	26328413	26342525	CALCOCO1	NC_037332.1
ATP5MC2	+	26370080	26378374	ATP5MC2	NC_037332.1
ATF7	+	26419501	26514726	ATF7	NC_037332.1
SP7	+	26686650	26694326	SP7	NC_037332.1
AAAS	+	26700529	26716569	AAAS	NC_037332.1
RARG	+	26774193	26794819	RARG	NC_037332.1
ITGB7	+	26796917	26811773	ITGB7	NC_037332.1
CSAD	+	26821058	26848744	CSAD	NC_037332.1
SPRYD3	+	26889171	26902881	SPRYD3	NC_037332.1
LOC132345256	+	26919205	26928397	LOC132345256	NC_037332.1
LOC104976949	+	27021866	27031812	LOC104976949	NC_037332.1
KRT8	+	27040267	27047717	KRT8	NC_037332.1
KRT78	+	27084895	27092895	KRT78	NC_037332.1
KRT79	+	27098165	27109002	KRT79	NC_037332.1
KRT4	+	27117923	27124834	KRT4	NC_037332.1
KRT3	+	27136971	27143084	KRT3	NC_037332.1
LOC100336907	+	27157020	27166683	LOC100336907	NC_037332.1
KRT76	+	27188494	27197452	KRT76	NC_037332.1
KRT77	+	27205297	27219406	KRT77	NC_037332.1
KRT2	+	27256551	27264479	KRT2	NC_037332.1
KRT73	+	27264554	27280058	KRT73	NC_037332.1
KRT74	+	27313455	27321972	KRT74	NC_037332.1
KRT5	+	27367078	27372929	KRT5	NC_037332.1
KRT6A	+	27384552	27389805	KRT6A	NC_037332.1
KRT6B	+	27403486	27409002	KRT6B	NC_037332.1
KRT6C	+	27420099	27425355	KRT6C	NC_037332.1
KRT75	+	27456263	27466497	KRT75	NC_037332.1
LOC615589	+	27467971	27469246	LOC615589	NC_037332.1
KRT84	+	27506039	27512835	KRT84	NC_037332.1
KRT83	+	27570705	27577636	KRT83	NC_037332.1
LOC132345258	+	27586190	27591020	LOC132345258	NC_037332.1
KRT81	+	27601187	27607074	KRT81	NC_037332.1
LOC507184	+	27660414	27672436	LOC507184	NC_037332.1
KRT80	+	27732431	27757608	KRT80	NC_037332.1
TMDD1	+	28048115	28049876	TMDD1	NC_037332.1
TRNAE-UUC-33	+	28222145	28222217	TRNAE-UUC	NC_037332.1
GALNT6	+	28411572	28453482	GALNT6	NC_037332.1
BIN2	+	28478603	28516296	BIN2	NC_037332.1
SMAGP	+	28521680	28547259	SMAGP	NC_037332.1
POU6F1	+	28570876	28599682	POU6F1	NC_037332.1
TFCP2	+	28610702	28663859	TFCP2	NC_037332.1
CSRNP2	+	28671319	28687166	CSRNP2	NC_037332.1
SLC11A2	+	28722064	28757980	SLC11A2	NC_037332.1
LOC112446869	+	28822298	28822428	LOC112446869	NC_037332.1
TRNAG-CCC-45	+	29212155	29212227	TRNAG-CCC	NC_037332.1
FAM186A	+	29507453	29591736	FAM186A	NC_037332.1
LOC112446900	+	29621280	29621386	LOC112446900	NC_037332.1
LIMA1	+	29637244	29729193	LIMA1	NC_037332.1
CERS5	+	29735967	29766045	CERS5	NC_037332.1
RACGAP1	+	29863284	29889020	RACGAP1	NC_037332.1
LOC104972401	+	29938008	29960254	LOC104972401	NC_037332.1
BCDIN3D	+	30042235	30047718	BCDIN3D	NC_037332.1
NCKAP5L	+	30062433	30093879	NCKAP5L	NC_037332.1
MIR2425	+	30082250	30082330	MIR2425	NC_037332.1
FAM186B	+	30224060	30249699	FAM186B	NC_037332.1
MCRS1	+	30264899	30274172	MCRS1	NC_037332.1
TRNAG-CCC-47	+	30466378	30466451	TRNAG-CCC	NC_037332.1
TUBA1A	+	30656035	30660487	TUBA1A	NC_037332.1
LMBR1L	+	30713933	30726328	LMBR1L	NC_037332.1
DHH	+	30726411	30737473	DHH	NC_037332.1
MIR2426	+	30784623	30784696	MIR2426	NC_037332.1
PRKAG1	+	30799602	30814433	PRKAG1	NC_037332.1
DDN	+	30814523	30821424	DDN	NC_037332.1
WNT10B	+	30841143	30847502	WNT10B	NC_037332.1
ARF3	+	30855778	30871065	ARF3	NC_037332.1
FKBP11	+	30881374	30884842	FKBP11	NC_037332.1
LOC132345268	+	30912050	30919788	LOC132345268	NC_037332.1
RND1	+	30923453	30930386	RND1	NC_037332.1
ADCY6	+	30987950	31009389	ADCY6	NC_037332.1
LOC112446865	+	31107014	31107149	LOC112446865	NC_037332.1
LOC112446866	+	31115241	31115372	LOC112446866	NC_037332.1
OR8S2	+	31608548	31609465	OR8S2	NC_037332.1
OR8S3	+	31731352	31732631	OR8S3	NC_037332.1
OR8BJ2	+	31796654	31797982	OR8BJ2	NC_037332.1
OR5BJ2	+	31836359	31837288	OR5BJ2	NC_037332.1
ZNF641	+	31930230	31942943	ZNF641	NC_037332.1
ASB8	+	32113266	32144532	ASB8	NC_037332.1
SENP1	+	32189755	32242482	SENP1	NC_037332.1
COL2A1	+	32283180	32313172	COL2A1	NC_037332.1
RPAP3	+	32589613	32627746	RPAP3	NC_037332.1
LOC112446682	+	32647567	32675149	LOC112446682	NC_037332.1
LOC100847695	+	33034343	33038566	LOC100847695	NC_037332.1
AMIGO2	+	33169556	33172868	AMIGO2	NC_037332.1
LOC112446608	+	33244312	33254486	LOC112446608	NC_037332.1
SLC38A4	+	33400304	33486055	SLC38A4	NC_037332.1
LOC112446686	+	33712263	33755131	LOC112446686	NC_037332.1
SLC38A1	+	33921052	33999841	SLC38A1	NC_037332.1
LOC132345273	+	34327354	34371362	LOC132345273	NC_037332.1
TRNAC-ACA-49	+	34337996	34338067	TRNAC-ACA	NC_037332.1
TRNAR-ACG-7	+	34957315	34957388	TRNAR-ACG	NC_037332.1
NELL2	+	35397484	35861696	NELL2	NC_037332.1
TRNAC-GCA-62	+	35509259	35509330	TRNAC-GCA	NC_037332.1
LOC132345274	+	35984551	35988191	LOC132345274	NC_037332.1
TWF1	+	36650697	36662093	TWF1	NC_037332.1
PUS7L	+	36708177	36731621	PUS7L	NC_037332.1
ADAMTS20	+	36904946	37121155	ADAMTS20	NC_037332.1
LOC534627	+	37115315	37117053	LOC534627	NC_037332.1
LOC112446902	+	37148788	37148894	LOC112446902	NC_037332.1
LOC786089	+	37220335	37390772	LOC786089	NC_037332.1
TRNAS-GGA-32	+	37558658	37558729	TRNAS-GGA	NC_037332.1
LOC112446856	+	37587369	37587515	LOC112446856	NC_037332.1
PRICKLE1	+	38058247	38171666	PRICKLE1	NC_037332.1
ZCRB1	+	38354664	38372614	ZCRB1	NC_037332.1
YAF2	+	38456001	38536332	YAF2	NC_037332.1
GXYLT1	+	38545551	38597290	GXYLT1	NC_037332.1
LOC132345277	+	40481667	40519076	LOC132345277	NC_037332.1
LOC132345278	+	40713931	40731656	LOC132345278	NC_037332.1
SLC2A13	+	40812848	41331737	SLC2A13	NC_037332.1
MIR2428	+	41732851	41732915	MIR2428	NC_037332.1
LOC112446895	+	41770525	41770631	LOC112446895	NC_037332.1
CPNE8	+	42193677	42472420	CPNE8	NC_037332.1
PTPRR	+	42611524	42884727	PTPRR	NC_037332.1
MIR2284Z-5	+	43005189	43005268	MIR2284Z-5	NC_037332.1
LOC107131684	+	43241825	43300555	LOC107131684	NC_037332.1
BEST3	+	43762636	43826308	BEST3	NC_037332.1
LRRC10	+	43863320	43866409	LRRC10	NC_037332.1
MIR2427	+	43901773	43901847	MIR2427	NC_037332.1
LOC781146	+	44218157	44222737	LOC781146	NC_037332.1
LOC617219	+	44297723	44303575	LOC617219	NC_037332.1
LYSB	+	44347290	44352877	LYSB	NC_037332.1
LOC112446864	+	44707956	44708062	LOC112446864	NC_037332.1
LOC104969823	+	44797338	44809500	LOC104969823	NC_037332.1
CPM	+	44876597	44965428	CPM	NC_037332.1
LOC104972426	+	45036368	45049787	LOC104972426	NC_037332.1
LOC132345284	+	45336481	45338760	LOC132345284	NC_037332.1
MDM1	+	45446690	45475513	MDM1	NC_037332.1
IL22	+	45504700	45529266	IL22	NC_037332.1
IL26	+	45548370	45563937	IL26	NC_037332.1
IFNG	+	45624513	45629336	IFNG	NC_037332.1
LOC100848339	+	46529389	46542254	LOC100848339	NC_037332.1
GRIP1	+	47165914	47475282	GRIP1	NC_037332.1
TRNAC-GCA-64	+	47207083	47207154	TRNAC-GCA	NC_037332.1
LOC112446885	+	47374718	47374882	LOC112446885	NC_037332.1
LLPH	+	47667232	47673186	LLPH	NC_037332.1
WIF1	+	48687612	48779884	WIF1	NC_037332.1
LOC101906182	+	49017637	49019410	LOC101906182	NC_037332.1
GNS	+	49053899	49103600	GNS	NC_037332.1
MIR2285F-1	+	49300788	49300857	MIR2285F-1	NC_037332.1
C5H12orf56	+	49376892	49457099	C5H12orf56	NC_037332.1
KICS2	+	49488842	49511314	KICS2	NC_037332.1
AVPR1A	+	50363479	50366959	AVPR1A	NC_037332.1
LOC132345291	+	50453751	50461713	LOC132345291	NC_037332.1
TRNAW-CCA-33	+	50629761	50629832	TRNAW-CCA	NC_037332.1
PPM1H	+	50634437	50942095	PPM1H	NC_037332.1
TAFA2	+	51360700	51925641	TAFA2	NC_037332.1
LRIG3	+	54560797	54612806	LRIG3	NC_037332.1
LOC132345295	+	54834038	54871124	LOC132345295	NC_037332.1
LOC112446704	+	55543228	55553719	LOC112446704	NC_037332.1
CTDSP2	+	55634049	55654523	CTDSP2	NC_037332.1
AVIL	+	55656771	55677204	AVIL	NC_037332.1
METTL1	+	55693557	55697177	METTL1	NC_037332.1
CYP27B1	+	55698420	55703344	CYP27B1	NC_037332.1
CDK4	+	55713431	55716418	CDK4	NC_037332.1
AGAP2	+	55719425	55738271	AGAP2	NC_037332.1
LOC112446803	+	55779455	55782752	LOC112446803	NC_037332.1
B4GALNT1	+	55855524	55863817	B4GALNT1	NC_037332.1
DCTN2	+	55933308	55946889	DCTN2	NC_037332.1
DDIT3	+	55956303	55960510	DDIT3	NC_037332.1
LOC132345297	+	55956307	55959840	LOC132345297	NC_037332.1
ARHGAP9	+	55979334	55992530	ARHGAP9	NC_037332.1
R3HDM2	+	56031460	56191525	R3HDM2	NC_037332.1
STAC3	+	56193522	56199668	STAC3	NC_037332.1
NDUFA4L2	+	56205859	56208167	NDUFA4L2	NC_037332.1
TRNAG-CCC-48	+	56315618	56315690	TRNAG-CCC	NC_037332.1
LOC112446855	+	56321025	56321174	LOC112446855	NC_037332.1
MYO1A	+	56377071	56406135	MYO1A	NC_037332.1
TAC3	+	56411132	56418016	TAC3	NC_037332.1
ZBTB39	+	56430434	56438374	ZBTB39	NC_037332.1
LOC100139075	+	56487720	56497792	LOC100139075	NC_037332.1
RDH16	+	56530339	56538401	RDH16	NC_037332.1
LOC112446873	+	56645578	56645657	LOC112446873	NC_037332.1
LOC112446872	+	56645822	56645893	LOC112446872	NC_037332.1
TRNAG-CCC-49	+	56692366	56692439	TRNAG-CCC	NC_037332.1
NACA	+	56732630	56743638	NACA	NC_037332.1
ATP5F1B	+	56789641	56795014	ATP5F1B	NC_037332.1
LOC112446861	+	56790501	56790575	LOC112446861	NC_037332.1
MIR677	+	56791577	56791642	MIR677	NC_037332.1
BAZ2A	+	56796760	56831748	BAZ2A	NC_037332.1
MIP	+	56925337	56938929	MIP	NC_037332.1
TIMELESS	+	56939056	56964353	TIMELESS	NC_037332.1
APON	+	56979634	56980875	APON	NC_037332.1
STAT2	+	56994869	57010632	STAT2	NC_037332.1
CNPY2	+	57031093	57034105	CNPY2	NC_037332.1
MIR12054	+	57031227	57031292	MIR12054	NC_037332.1
ANKRD52	+	57074887	57086731	ANKRD52	NC_037332.1
SMARCC2	+	57141033	57161786	SMARCC2	NC_037332.1
LOC101903253	+	57193678	57201263	LOC101903253	NC_037332.1
LOC132345300	+	57219091	57222985	LOC132345300	NC_037332.1
LOC132345301	+	57319352	57319824	LOC132345301	NC_037332.1
PYM1	+	57378936	57399536	PYM1	NC_037332.1
MMP19	+	57426876	57433004	MMP19	NC_037332.1
SARNP	+	57449442	57498948	SARNP	NC_037332.1
LOC101903534	+	57513087	57527908	LOC101903534	NC_037332.1
ITGA7	+	57547850	57572012	ITGA7	NC_037332.1
OR10P25	+	57608661	57609680	OR10P25	NC_037332.1
LOC101903758	+	57687253	57687847	LOC101903758	NC_037332.1
OR6C267	+	57705969	57706904	OR6C267	NC_037332.1
LOC132345396	+	57839054	57927139	LOC132345396	NC_037332.1
OR6C1R	+	58418220	58419158	OR6C1R	NC_037332.1
OR6C7H	+	58618683	58619627	OR6C7H	NC_037332.1
OR6C3	+	58924103	58925038	OR6C3	NC_037332.1
OR6C7F	+	59116045	59117060	OR6C7F	NC_037332.1
OR10U1	+	59320380	59321321	OR10U1	NC_037332.1
OR10U5	+	59326025	59327008	OR10U5	NC_037332.1
OR10U1B	+	59331735	59332795	OR10U1B	NC_037332.1
OR9K2I	+	59441530	59442483	OR9K2I	NC_037332.1
OR9K2K	+	59500401	59501367	OR9K2K	NC_037332.1
OR9K2J	+	59529241	59530514	OR9K2J	NC_037332.1
OR9K2C	+	59555491	59562397	OR9K2C	NC_037332.1
OR9K16	+	59578200	59579171	OR9K16	NC_037332.1
OR9K1B	+	59800152	59801093	OR9K1B	NC_037332.1
TESPA1	+	59925008	59961264	TESPA1	NC_037332.1
LOC112446898	+	60070308	60070414	LOC112446898	NC_037332.1
SNRPF	+	60207594	60222722	SNRPF	NC_037332.1
TRNAD-GUC-6	+	60336567	60336638	TRNAD-GUC	NC_037332.1
ELK3	+	60480300	60550378	ELK3	NC_037332.1
CFAP54	+	60753129	61065137	CFAP54	NC_037332.1
NEDD1	+	61105177	61157194	NEDD1	NC_037332.1
LOC132345304	+	61673835	61777145	LOC132345304	NC_037332.1
MIR1251	+	61701393	61701462	MIR1251	NC_037332.1
MIR135A-2	+	61775955	61776054	MIR135A-2	NC_037332.1
TRNAD-GUC-7	+	62676636	62676707	TRNAD-GUC	NC_037332.1
TRNAW-CCA-34	+	62677335	62677406	TRNAW-CCA	NC_037332.1
TMPO	+	62686682	62713327	TMPO	NC_037332.1
SLC25A3	+	62746067	62752288	SLC25A3	NC_037332.1
LOC112446874	+	62750796	62751043	LOC112446874	NC_037332.1
GARIN6	+	63754546	63755199	GARIN6	NC_037332.1
ACTR6	+	64170241	64191617	ACTR6	NC_037332.1
SCYL2	+	64220353	64277590	SCYL2	NC_037332.1
SLC17A8	+	64296337	64335689	SLC17A8	NC_037332.1
NR1H4	+	64396461	64477751	NR1H4	NC_037332.1
GAS2L3	+	64481667	64518643	GAS2L3	NC_037332.1
LOC112446714	+	64544561	64568593	LOC112446714	NC_037332.1
ANO4	+	64586119	65019434	ANO4	NC_037332.1
UTP20	+	65183202	65269420	UTP20	NC_037332.1
LOC101902002	+	65308660	65309216	LOC101902002	NC_037332.1
SPIC	+	65323724	65337559	SPIC	NC_037332.1
MYBPC1	+	65398341	65500282	MYBPC1	NC_037332.1
CHPT1	+	65511731	65541515	CHPT1	NC_037332.1
TRNAE-UUC-36	+	65647399	65647471	TRNAE-UUC	NC_037332.1
DRAM1	+	65702747	65765607	DRAM1	NC_037332.1
TRNAE-UUC-37	+	65769697	65769769	TRNAE-UUC	NC_037332.1
LOC782673	+	65786828	65788347	LOC782673	NC_037332.1
LOC112446717	+	66173649	66240982	LOC112446717	NC_037332.1
LOC101902701	+	66356640	66502300	LOC101902701	NC_037332.1
STAB2	+	67273066	67445237	STAB2	NC_037332.1
TRNAC-ACA-51	+	67448045	67448117	TRNAC-ACA	NC_037332.1
HSP90B1	+	67600075	67618814	HSP90B1	NC_037332.1
TDG	+	67632492	67653342	TDG	NC_037332.1
TRNAE-UUC-38	+	67777753	67777825	TRNAE-UUC	NC_037332.1
LOC132345309	+	67831971	67865133	LOC132345309	NC_037332.1
EID3	+	67912308	67913794	EID3	NC_037332.1
CHST11	+	68004486	68309654	CHST11	NC_037332.1
NOPCHAP1	+	68528021	68539349	NOPCHAP1	NC_037332.1
C5H12orf75	+	68823269	68914970	C5H12orf75	NC_037332.1
LOC132345310	+	69040986	69060195	LOC132345310	NC_037332.1
LOC132345312	+	69192819	69217986	LOC132345312	NC_037332.1
TCP11L2	+	69672659	69713616	TCP11L2	NC_037332.1
POLR3B	+	69721989	69845717	POLR3B	NC_037332.1
RFX4	+	69878481	70051146	RFX4	NC_037332.1
RIC8B	+	70063265	70163871	RIC8B	NC_037332.1
TMEM263	+	70229348	70248961	TMEM263	NC_037332.1
LOC132345313	+	70398629	70467308	LOC132345313	NC_037332.1
LOC132345315	+	70525999	70558571	LOC132345315	NC_037332.1
BTBD11	+	70577663	70909798	BTBD11	NC_037332.1
PWP1	+	70931732	70950945	PWP1	NC_037332.1
ASCL4	+	71005428	71007793	ASCL4	NC_037332.1
FBXO7	+	71099853	71120097	FBXO7	NC_037332.1
LOC104972501	+	71145486	71148151	LOC104972501	NC_037332.1
TIMP3	+	71402333	71459972	TIMP3	NC_037332.1
LOC104972499	+	71508972	71539613	LOC104972499	NC_037332.1
LOC511240	+	71699527	71702580	LOC511240	NC_037332.1
MGC137211	+	71707030	71712378	MGC137211	NC_037332.1
ISX	+	73360576	73380277	ISX	NC_037332.1
LOC112446724	+	73726011	73744029	LOC112446724	NC_037332.1
RASD2	+	73749045	73760337	RASD2	NC_037332.1
LOC786352	+	74273587	74289323	LOC786352	NC_037332.1
LOC515697	+	74303504	74319115	LOC515697	NC_037332.1
LOC531557	+	74341074	74361957	LOC531557	NC_037332.1
LOC132345317	+	74476468	74484572	LOC132345317	NC_037332.1
LOC510193	+	74561403	74585376	LOC510193	NC_037332.1
LOC505078	+	74587630	74612470	LOC505078	NC_037332.1
LOC619179	+	74660745	74666180	LOC619179	NC_037332.1
LOC512905	+	74669784	74714595	LOC512905	NC_037332.1
LOC101906363	+	75145353	75149649	LOC101906363	NC_037332.1
LOC101906435	+	75158545	75189110	LOC101906435	NC_037332.1
NCF4	+	75265707	75284408	NCF4	NC_037332.1
CSF2RB	+	75349225	75372726	CSF2RB	NC_037332.1
MPST	+	75441502	75451987	MPST	NC_037332.1
KCTD17	+	75479856	75490596	KCTD17	NC_037332.1
CYTH4	+	75703704	75734565	CYTH4	NC_037332.1
LOC112446845	+	75946067	75946175	LOC112446845	NC_037332.1
USP18	+	76001952	76018301	USP18	NC_037332.1
PKP2	+	77001539	77081739	PKP2	NC_037332.1
YARS2	+	77131812	77158405	YARS2	NC_037332.1
LOC112446894	+	77267741	77267847	LOC112446894	NC_037332.1
LOC132345320	+	77693899	77694814	LOC132345320	NC_037332.1
DENND5B	+	78374340	78595129	DENND5B	NC_037332.1
SINHCAF	+	78658640	78688174	SINHCAF	NC_037332.1
CAPRIN2	+	78798133	78840811	CAPRIN2	NC_037332.1
IPO8	+	78855705	78922360	IPO8	NC_037332.1
TMTC1	+	79807716	80119463	TMTC1	NC_037332.1
OVCH1	+	80124249	80217435	OVCH1	NC_037332.1
LOC112446617	+	80651736	80688156	LOC112446617	NC_037332.1
PTHLH	+	81843873	81858767	PTHLH	NC_037332.1
MANSC4	+	82070197	82077542	MANSC4	NC_037332.1
C5H12orf71	+	82249336	82251158	C5H12orf71	NC_037332.1
LOC112446918	+	82402612	82402715	LOC112446918	NC_037332.1
ITPR2	+	82983248	83574976	ITPR2	NC_037332.1
TRNAS-GGA-35	+	83008672	83008743	TRNAS-GGA	NC_037332.1
LOC132345324	+	83709317	83710452	LOC132345324	NC_037332.1
LOC107132515	+	83816320	83818034	LOC107132515	NC_037332.1
BHLHE41	+	83818140	83825558	BHLHE41	NC_037332.1
LOC132345326	+	83946640	83962369	LOC132345326	NC_037332.1
LMNTD1	+	84005604	84495216	LMNTD1	NC_037332.1
LOC132345328	+	84708577	84724468	LOC132345328	NC_037332.1
KRAS	+	84749500	84789041	KRAS	NC_037332.1
DNAI7	+	84799413	84887240	DNAI7	NC_037332.1
SOX5	+	85456641	86631208	SOX5	NC_037332.1
LOC101905232	+	86538400	86539714	LOC101905232	NC_037332.1
C2CD5	+	87691727	87783528	C2CD5	NC_037332.1
LOC112446736	+	88093548	88120196	LOC112446736	NC_037332.1
ABCC9	+	88259189	88416495	ABCC9	NC_037332.1
KCNJ8	+	88434396	88442014	KCNJ8	NC_037332.1
LDHB	+	88544523	88562770	LDHB	NC_037332.1
RECQL	+	88697522	88730251	RECQL	NC_037332.1
SLCO1A2	+	88777624	88890682	SLCO1A2	NC_037332.1
MIR2285Y	+	90832750	90832834	MIR2285Y	NC_037332.1
LOC112446621	+	90989248	91268823	LOC112446621	NC_037332.1
PLCZ1	+	91335776	91384526	PLCZ1	NC_037332.1
LOC132345333	+	91510057	91510964	LOC132345333	NC_037332.1
RERGL	+	91998239	92009235	RERGL	NC_037332.1
LOC132345334	+	93039145	93068672	LOC132345334	NC_037332.1
TRNAN-GUU-23	+	93417862	93417934	TRNAN-GUU	NC_037332.1
TRNAC-GCA-68	+	94278600	94278671	TRNAC-GCA	NC_037332.1
MIR2285BE	+	94298699	94298758	MIR2285BE	NC_037332.1
RERG	+	94669471	94799481	RERG	NC_037332.1
ARHGDIB	+	94946413	94965335	ARHGDIB	NC_037332.1
ART4	+	95068446	95085786	ART4	NC_037332.1
SMCO3	+	95082187	95101159	SMCO3	NC_037332.1
WBP11	+	95103276	95118869	WBP11	NC_037332.1
GUCY2C	+	95137271	95238347	GUCY2C	NC_037332.1
H4C16	+	95139212	95139621	H4C16	NC_037332.1
LOC132345335	+	95289772	95295834	LOC132345335	NC_037332.1
GRIN2B	+	95822861	96318017	GRIN2B	NC_037332.1
TRNAC-ACA-55	+	96697176	96697247	TRNAC-ACA	NC_037332.1
HEBP1	+	96875437	96912825	HEBP1	NC_037332.1
GPRC5D	+	96929167	96937086	GPRC5D	NC_037332.1
GPR19	+	97127807	97164800	GPR19	NC_037332.1
DUSP16	+	97243313	97337113	DUSP16	NC_037332.1
LRP6	+	97526826	97705353	LRP6	NC_037332.1
TRNAQ-UUG-2	+	97837088	97837160	TRNAQ-UUG	NC_037332.1
LOC112446828	+	98384917	98388006	LOC112446828	NC_037332.1
LOC100140395	+	98549494	98550503	LOC100140395	NC_037332.1
TAS2R42	+	98558817	98559755	TAS2R42	NC_037332.1
TAS2R46	+	98588763	98589680	TAS2R46	NC_037332.1
LOC782957	+	98595392	98596309	LOC782957	NC_037332.1
T2R65A	+	98625559	98626446	T2R65A	NC_037332.1
T2R12	+	98661895	98662824	T2R12	NC_037332.1
BOTA-T2R10B	+	98712734	98713666	BOTA-T2R10B	NC_037332.1
TAS2R10	+	98749622	98750521	TAS2R10	NC_037332.1
T2R10C	+	98761040	98761969	T2R10C	NC_037332.1
TAS2R9	+	98773467	98774738	TAS2R9	NC_037332.1
TAS2R8	+	98775568	98776616	TAS2R8	NC_037332.1
TAS2R7	+	98781269	98782207	TAS2R7	NC_037332.1
LOC132345338	+	98818863	98828101	LOC132345338	NC_037332.1
YBX3	+	98853392	98879065	YBX3	NC_037332.1
MAGOHB	+	98952626	98963111	MAGOHB	NC_037332.1
KLRA1	+	98969285	98984168	KLRA1	NC_037332.1
LOC101902742	+	98993043	99048504	LOC101902742	NC_037332.1
KLRJ1	+	99425369	99435646	KLRJ1	NC_037332.1
LOC100296778	+	99452988	99476800	LOC100296778	NC_037332.1
LOC101905403	+	99486035	99513938	LOC101905403	NC_037332.1
NKG2A	+	99539199	99543745	NKG2A	NC_037332.1
NKG2C	+	99552955	99557139	NKG2C	NC_037332.1
LOC100847813	+	99565299	99594142	LOC100847813	NC_037332.1
KLRK1	+	99603137	99613786	KLRK1	NC_037332.1
LOC132345341	+	99712112	99723745	LOC132345341	NC_037332.1
OLR1	+	99803762	99816583	OLR1	NC_037332.1
CLEC1A	+	99860312	99880750	CLEC1A	NC_037332.1
CLEC12B	+	99926323	99932836	CLEC12B	NC_037332.1
CLEC12A	+	99947413	99963230	CLEC12A	NC_037332.1
LOC784329	+	100001881	100012706	LOC784329	NC_037332.1
LOC100847268	+	100031106	100041683	LOC100847268	NC_037332.1
CLEC2B	+	100068445	100089183	CLEC2B	NC_037332.1
LOC509972	+	100124948	100143634	LOC509972	NC_037332.1
MIR12002B	+	100145447	100145510	MIR12002B	NC_037332.1
LOC784451	+	100161142	100202761	LOC784451	NC_037332.1
LOC101905801	+	100277045	100278059	LOC101905801	NC_037332.1
CD69	+	100297977	100305097	CD69	NC_037332.1
LOC112446837	+	100747323	100747429	LOC112446837	NC_037332.1
A2M	+	100819129	100891539	A2M	NC_037332.1
M6PR	+	100984454	100997335	M6PR	NC_037332.1
LOC132345391	+	101162321	101172783	LOC132345391	NC_037332.1
MFAP5	+	101191953	101203712	MFAP5	NC_037332.1
AICDA	+	101224468	101235282	AICDA	NC_037332.1
NECAP1	+	101591716	101603478	NECAP1	NC_037332.1
CLEC4D	+	101685217	101693399	CLEC4D	NC_037332.1
CD163	+	101785953	101822416	CD163	NC_037332.1
LOC751811	+	101850066	101892639	LOC751811	NC_037332.1
WC-7	+	102009961	102067015	WC-7	NC_037332.1
LOC751788	+	102086710	102147982	LOC751788	NC_037332.1
LOC112446748	+	102158470	102187922	LOC112446748	NC_037332.1
LOC751789	+	102188644	102191212	LOC751789	NC_037332.1
WC1-12	+	102210432	102267587	WC1-12	NC_037332.1
LOC100336766	+	102456806	102460598	LOC100336766	NC_037332.1
LOC132345379	+	102477490	102480961	LOC132345379	NC_037332.1
LOC132345381	+	102925337	102928059	LOC132345381	NC_037332.1
RBP5	+	103251629	103256944	RBP5	NC_037332.1
C1RL	+	103273857	103291935	C1RL	NC_037332.1
C1R	+	103376575	103387577	C1R	NC_037332.1
LPCAT3	+	103451002	103488025	LPCAT3	NC_037332.1
PHB2	+	103493075	103497686	PHB2	NC_037332.1
LOC112446882	+	103495843	103496087	LOC112446882	NC_037332.1
LOC132345344	+	103524797	103528923	LOC132345344	NC_037332.1
SPSB2	+	103576908	103580006	SPSB2	NC_037332.1
MLF2	+	103691705	103696642	MLF2	NC_037332.1
PIANP	+	103744587	103750914	PIANP	NC_037332.1
ZNF384	+	103756091	103776139	ZNF384	NC_037332.1
ING4	+	103778143	103785639	ING4	NC_037332.1
ACRBP	+	103786547	103794322	ACRBP	NC_037332.1
LPAR5	+	103796256	103806250	LPAR5	NC_037332.1
MRPL51	+	103902848	103906168	MRPL51	NC_037332.1
VAMP1	+	103906156	103922326	VAMP1	NC_037332.1
SCNN1A	+	103993588	104018901	SCNN1A	NC_037332.1
TNFRSF1A	+	104024027	104036846	TNFRSF1A	NC_037332.1
LOC132345346	+	104133142	104135086	LOC132345346	NC_037332.1
LOC101906999	+	104159396	104164114	LOC101906999	NC_037332.1
ANO2	+	104354607	104696264	ANO2	NC_037332.1
LOC132345347	+	104862410	104864711	LOC132345347	NC_037332.1
LOC112446626	+	104963833	104967771	LOC112446626	NC_037332.1
LOC112446762	+	105113730	105137661	LOC112446762	NC_037332.1
LOC132345348	+	105346856	105352758	LOC132345348	NC_037332.1
AKAP3	+	105495981	105523869	AKAP3	NC_037332.1
MIR2285CR-2	+	105544132	105544187	MIR2285CR-2	NC_037332.1
C5H12orf4	+	105596286	105636116	C5H12orf4	NC_037332.1
LOC100336013	+	105608747	105616024	LOC100336013	NC_037332.1
FGF6	+	105667368	105679381	FGF6	NC_037332.1
FGF23	+	105716618	105728073	FGF23	NC_037332.1
LOC104972567	+	105791009	105812772	LOC104972567	NC_037332.1
LOC132345349	+	105875194	105881149	LOC132345349	NC_037332.1
LOC112446627	+	105988684	106007090	LOC112446627	NC_037332.1
PARP11	+	106112474	106146169	PARP11	NC_037332.1
CRACR2A	+	106146258	106306339	CRACR2A	NC_037332.1
TSPAN11	+	106485103	106547251	TSPAN11	NC_037332.1
LOC101902968	+	106715523	106724592	LOC101902968	NC_037332.1
TRNAG-CCC-53	+	106738254	106738326	TRNAG-CCC	NC_037332.1
LOC132345350	+	106833975	106844729	LOC132345350	NC_037332.1
FOXM1	+	106886596	106900658	FOXM1	NC_037332.1
TEX52	+	106901201	106904667	TEX52	NC_037332.1
DDX11	+	106967408	106998666	DDX11	NC_037332.1
IQSEC3	+	107048424	107140490	IQSEC3	NC_037332.1
LOC112446765	+	107154708	107161011	LOC112446765	NC_037332.1
CCDC77	+	107294806	107321557	CCDC77	NC_037332.1
B4GALNT3	+	107337651	107435518	B4GALNT3	NC_037332.1
LOC132345375	+	107353569	107365207	LOC132345375	NC_037332.1
LOC112446858	+	107364662	107364798	LOC112446858	NC_037332.1
LOC104972574	+	107447746	107484802	LOC104972574	NC_037332.1
WNK1	+	107577787	107708129	WNK1	NC_037332.1
ERC1	+	107784426	108053585	ERC1	NC_037332.1
WNT5B	+	108071491	108153131	WNT5B	NC_037332.1
ADIPOR2	+	108180799	108227652	ADIPOR2	NC_037332.1
LRTM2	+	108245251	108259317	LRTM2	NC_037332.1
IL17RA	+	108808033	108823741	IL17RA	NC_037332.1
CECR2	+	108937693	109054784	CECR2	NC_037332.1
LOC112446914	+	108961102	108961205	LOC112446914	NC_037332.1
BCL2L13	+	109082268	109133400	BCL2L13	NC_037332.1
LOC132345352	+	109338982	109351477	LOC132345352	NC_037332.1
PEX26	+	109353659	109367812	PEX26	NC_037332.1
TUBA8	+	109374951	109393497	TUBA8	NC_037332.1
CDC42EP1	+	109424215	109432049	CDC42EP1	NC_037332.1
LOC112446628	+	109443032	109450709	LOC112446628	NC_037332.1
GGA1	+	109458759	109478298	GGA1	NC_037332.1
SH3BP1	+	109481025	109497080	SH3BP1	NC_037332.1
PDXP	+	109498768	109504538	PDXP	NC_037332.1
LGALS1	+	109512513	109515793	LGALS1	NC_037332.1
NOL12	+	109519280	109525726	NOL12	NC_037332.1
MIR2438	+	109521558	109521624	MIR2438	NC_037332.1
TRIOBP	+	109530843	109591860	TRIOBP	NC_037332.1
MIR2285CA	+	109588749	109588808	MIR2285CA	NC_037332.1
H1-0	+	109619911	109622125	H1-0	NC_037332.1
GCAT	+	109622630	109629294	GCAT	NC_037332.1
MIR12001	+	109644749	109644808	MIR12001	NC_037332.1
EIF3L	+	109663235	109683993	EIF3L	NC_037332.1
MICALL1	+	109709358	109737117	MICALL1	NC_037332.1
POLR2F	+	109745932	109754204	POLR2F	NC_037332.1
PICK1	+	109834634	109851537	PICK1	NC_037332.1
MAFF	+	109963649	109972826	MAFF	NC_037332.1
LOC132345355	+	110106988	110127431	LOC132345355	NC_037332.1
KDELR3	+	110148728	110161892	KDELR3	NC_037332.1
LOC132345356	+	110228942	110230990	LOC132345356	NC_037332.1
LOC112446908	+	110266110	110266216	LOC112446908	NC_037332.1
CBY1	+	110294871	110304273	CBY1	NC_037332.1
TOMM22	+	110314071	110316047	TOMM22	NC_037332.1
MIR2285M-4	+	110498430	110498511	MIR2285M-4	NC_037332.1
LOC112446843	+	110533065	110533171	LOC112446843	NC_037332.1
APOBEC3Z2	+	110559401	110565594	APOBEC3Z2	NC_037332.1
LOC132345357	+	110629575	110633404	LOC132345357	NC_037332.1
LOC132345359	+	110653710	110662622	LOC132345359	NC_037332.1
LOC132345358	+	110752283	110760627	LOC132345358	NC_037332.1
TRNAG-CCC-54	+	110809855	110809927	TRNAG-CCC	NC_037332.1
TAB1	+	110829305	110855241	TAB1	NC_037332.1
MGAT3	+	110871920	110911408	MGAT3	NC_037332.1
MIEF1	+	110928272	110943940	MIEF1	NC_037332.1
MIURF	+	110928272	110931029	MIURF	NC_037332.1
ATF4	+	110946624	110948719	ATF4	NC_037332.1
CACNA1I	+	110981988	111109198	CACNA1I	NC_037332.1
GRAP2	+	111263107	111330676	GRAP2	NC_037332.1
FAM83F	+	111356561	111392558	FAM83F	NC_037332.1
TNRC6B	+	111406379	111658909	TNRC6B	NC_037332.1
ADSL	+	111675586	111692258	ADSL	NC_037332.1
SGSM3	+	111705787	111739844	SGSM3	NC_037332.1
LOC104972592	+	111952172	111978622	LOC104972592	NC_037332.1
MCHR1	+	111989608	111993083	MCHR1	NC_037332.1
LOC104972593	+	111993731	111998425	LOC104972593	NC_037332.1
LOC101905167	+	112060567	112061030	LOC101905167	NC_037332.1
XPNPEP3	+	112115871	112159731	XPNPEP3	NC_037332.1
RBX1	+	112164162	112177109	RBX1	NC_037332.1
MIR1281	+	112281694	112281747	MIR1281	NC_037332.1
EP300	+	112281773	112345960	EP300	NC_037332.1
L3MBTL2	+	112362253	112383952	L3MBTL2	NC_037332.1
ZC3H7B	+	112421391	112491986	ZC3H7B	NC_037332.1
TEF	+	112496887	112520320	TEF	NC_037332.1
ACO2	+	112568137	112617201	ACO2	NC_037332.1
TRNAM-CAU-3	+	112630739	112630811	TRNAM-CAU	NC_037332.1
CSDC2	+	112640587	112654494	CSDC2	NC_037332.1
XRCC6	+	112706840	112730021	XRCC6	NC_037332.1
LOC112446778	+	112745040	112752032	LOC112446778	NC_037332.1
MEI1	+	112755407	112811605	MEI1	NC_037332.1
LOC112446857	+	112812536	112812670	LOC112446857	NC_037332.1
LOC785386	+	112812606	112813102	LOC785386	NC_037332.1
CCDC134	+	112813766	112828967	CCDC134	NC_037332.1
SREBF2	+	112832407	112890177	SREBF2	NC_037332.1
SMIM45	+	112938601	112942924	SMIM45	NC_037332.1
SEPTIN3	+	112951902	112979728	SEPTIN3	NC_037332.1
WBP2NL	+	112982150	113011839	WBP2NL	NC_037332.1
PHETA2	+	113035565	113040618	PHETA2	NC_037332.1
SMDT1	+	113040978	113044679	SMDT1	NC_037332.1
LOC104976976	+	113193547	113205893	LOC104976976	NC_037332.1
SERHL2	+	113416969	113437227	SERHL2	NC_037332.1
LOC112446886	+	113470970	113471119	LOC112446886	NC_037332.1
LOC104972597	+	113517638	113533534	LOC104972597	NC_037332.1
LOC132345364	+	113563783	113569559	LOC132345364	NC_037332.1
TRNAG-GCC-11	+	113806082	113806154	TRNAG-GCC	NC_037332.1
LOC101904078	+	113820124	113823347	LOC101904078	NC_037332.1
BIK	+	113878004	113903956	BIK	NC_037332.1
TRNAW-CCA-37	+	113924303	113924375	TRNAW-CCA	NC_037332.1
LOC132345366	+	114035585	114040400	LOC132345366	NC_037332.1
LOC132345367	+	114096097	114098184	LOC132345367	NC_037332.1
LOC132345368	+	114127169	114130935	LOC132345368	NC_037332.1
MPPED1	+	114163218	114245826	MPPED1	NC_037332.1
SAMM50	+	114695055	114725673	SAMM50	NC_037332.1
PARVB	+	114752957	114869668	PARVB	NC_037332.1
PARVG	+	114877894	114903227	PARVG	NC_037332.1
ARHGAP8	+	115330111	115381686	ARHGAP8	NC_037332.1
LOC112446782	+	115434846	115437097	LOC112446782	NC_037332.1
TRNAW-CCA-38	+	115447976	115448047	TRNAW-CCA	NC_037332.1
LOC132345371	+	115575320	115578584	LOC132345371	NC_037332.1
NUP50	+	115588183	115610180	NUP50	NC_037332.1
FAM118A	+	115709690	115732868	FAM118A	NC_037332.1
RIBC2	+	115818282	115829117	RIBC2	NC_037332.1
FBLN1	+	115888336	115968168	FBLN1	NC_037332.1
LOC101903200	+	116345572	116409414	LOC101903200	NC_037332.1
MIRLET7A-3	+	116408410	116408483	MIRLET7A-3	NC_037332.1
MIR2443	+	116408665	116408737	MIR2443	NC_037332.1
MIRLET7B	+	116409210	116409290	MIRLET7B	NC_037332.1
PPARA	+	116438915	116513812	PPARA	NC_037332.1
TTC38	+	116576851	116609082	TTC38	NC_037332.1
GTSE1	+	116611905	116631483	GTSE1	NC_037332.1
TRMU	+	116635900	116651307	TRMU	NC_037332.1
GRAMD4	+	116838171	116904409	GRAMD4	NC_037332.1
LOC101908206	+	116961115	116968238	LOC101908206	NC_037332.1
TBC1D22A	+	116974012	117230648	TBC1D22A	NC_037332.1
MIR2284H	+	117234123	117234189	MIR2284H	NC_037332.1
LOC132345403	+	118578369	118579750	LOC132345403	NC_037332.1
LOC104972612	+	118596811	118599408	LOC104972612	NC_037332.1
LOC104972417	+	118640046	118645741	LOC104972417	NC_037332.1
LOC531175	+	119143051	119146414	LOC531175	NC_037332.1
LOC112446794	+	119432555	119434236	LOC112446794	NC_037332.1
MOV10L1	+	119477536	119541882	MOV10L1	NC_037332.1
PANX2	+	119546539	119554081	PANX2	NC_037332.1
TRABD	+	119556854	119564965	TRABD	NC_037332.1
SELENOO	+	119568730	119589180	SELENOO	NC_037332.1
PPP6R2	+	119690625	119752468	PPP6R2	NC_037332.1
LOC132342126	+	119783956	119787718	LOC132342126	NC_037332.1
NCAPH2	+	119812305	119822276	NCAPH2	NC_037332.1
KLHDC7B	+	119849864	119854182	KLHDC7B	NC_037332.1
TRNAW-CCA-39	+	119907356	119907427	TRNAW-CCA	NC_037332.1
MAPK8IP2	+	119917404	119927551	MAPK8IP2	NC_037332.1
ACR	+	120013267	120020699	ACR	NC_037332.1
RABL2B	+	120037469	120056197	RABL2B	NC_037332.1
TKTL2	+	2165729	2171074	TKTL2	NC_037333.1
LOC112447025	+	2203198	2223019	LOC112447025	NC_037333.1
LOC132345572	+	2245692	2246752	LOC132345572	NC_037333.1
NPY1R	+	2433159	2442873	NPY1R	NC_037333.1
NAF1	+	2620826	2671246	NAF1	NC_037333.1
BBS7	+	3385401	3424379	BBS7	NC_037333.1
LOC112447027	+	3444848	3446638	LOC112447027	NC_037333.1
QRFPR	+	4138071	4198240	QRFPR	NC_037333.1
NDNF	+	4403331	4414617	NDNF	NC_037333.1
PRDM5	+	4526675	4781985	PRDM5	NC_037333.1
TRNAG-CCC-55	+	5715756	5715828	TRNAG-CCC	NC_037333.1
PDE5A	+	5745681	5894235	PDE5A	NC_037333.1
LOC112447032	+	5954600	5987240	LOC112447032	NC_037333.1
C6H4orf3	+	6006580	6012867	C6H4orf3	NC_037333.1
LOC101906469	+	6072686	6431279	LOC101906469	NC_037333.1
SEC24D	+	6432725	6606140	SEC24D	NC_037333.1
PRSS12	+	6782875	6860027	PRSS12	NC_037333.1
LOC132345473	+	9816247	10149453	LOC132345473	NC_037333.1
NDST4	+	10521163	10799128	NDST4	NC_037333.1
TRNAK-UUU-14	+	11501752	11501824	TRNAK-UUU	NC_037333.1
ARSJ	+	11555615	11640096	ARSJ	NC_037333.1
CAMK2D	+	11799819	12108176	CAMK2D	NC_037333.1
MIR302B	+	12980214	12980288	MIR302B	NC_037333.1
MIR302C	+	12980357	12980424	MIR302C	NC_037333.1
MIR302A	+	12980768	12980837	MIR302A	NC_037333.1
MIR302D	+	12980945	12981014	MIR302D	NC_037333.1
ZGRF1	+	12989122	13044903	ZGRF1	NC_037333.1
LOC112447038	+	13171592	13173562	LOC112447038	NC_037333.1
TIFA	+	13229728	13237460	TIFA	NC_037333.1
LOC101902721	+	13336090	13364264	LOC101902721	NC_037333.1
LOC101906682	+	14852302	14856791	LOC101906682	NC_037333.1
LOC101902994	+	14954105	15003716	LOC101902994	NC_037333.1
LOC104972669	+	14967328	14968128	LOC104972669	NC_037333.1
TRNAS-GGA-40	+	14969203	14969274	TRNAS-GGA	NC_037333.1
LOC112447187	+	15159235	15159369	LOC112447187	NC_037333.1
ELOVL6	+	15228001	15362448	ELOVL6	NC_037333.1
PLA2G12A	+	15675670	15690034	PLA2G12A	NC_037333.1
COL25A1	+	16010877	16523366	COL25A1	NC_037333.1
TRNAS-GGA-41	+	16040668	16040739	TRNAS-GGA	NC_037333.1
LOC112447185	+	16526189	16526323	LOC112447185	NC_037333.1
LOC112447227	+	16544071	16544172	LOC112447227	NC_037333.1
ETNPPL	+	16554153	16573065	ETNPPL	NC_037333.1
LOC132345477	+	16903787	16922945	LOC132345477	NC_037333.1
LEF1	+	17083384	17200676	LEF1	NC_037333.1
TRNAG-CCC-56	+	17333433	17333505	TRNAG-CCC	NC_037333.1
LOC112447148	+	17416159	17441098	LOC112447148	NC_037333.1
PAPSS1	+	17489302	17601676	PAPSS1	NC_037333.1
TRNAC-GCA-72	+	18495087	18495158	TRNAC-GCA	NC_037333.1
GIMD1	+	18816390	18828911	GIMD1	NC_037333.1
TBCK	+	18865273	19074235	TBCK	NC_037333.1
LOC101904481	+	19139901	19141960	LOC101904481	NC_037333.1
CXXC4	+	20698312	20728746	CXXC4	NC_037333.1
TRNAR-ACG-8	+	21189900	21189971	TRNAR-ACG	NC_037333.1
CENPE	+	21674413	21758133	CENPE	NC_037333.1
SLC9B1	+	21861358	21928497	SLC9B1	NC_037333.1
UBE2D3	+	22014718	22044311	UBE2D3	NC_037333.1
TRNAG-UCC-30	+	22039292	22039364	TRNAG-UCC	NC_037333.1
MANBA	+	22062310	22189957	MANBA	NC_037333.1
LOC112447046	+	22293070	22294321	LOC112447046	NC_037333.1
SLC39A8	+	22459081	22542658	SLC39A8	NC_037333.1
PPP3CA	+	23444729	23770287	PPP3CA	NC_037333.1
EMCN	+	24210613	24332247	EMCN	NC_037333.1
H2AZ1	+	24737271	24739542	H2AZ1	NC_037333.1
LAMTOR3	+	24787040	24798441	LAMTOR3	NC_037333.1
C6H4orf54	+	24974904	24992995	C6H4orf54	NC_037333.1
TRMT10A	+	25073988	25101096	TRMT10A	NC_037333.1
ADH7	+	25176296	25190830	ADH7	NC_037333.1
ADH4	+	25480627	25512888	ADH4	NC_037333.1
ADH5	+	25528829	25543696	ADH5	NC_037333.1
TRNAC-ACA-57	+	25604690	25604761	TRNAC-ACA	NC_037333.1
EIF4E	+	25667219	25707915	EIF4E	NC_037333.1
TSPAN5	+	25923695	26102500	TSPAN5	NC_037333.1
LOC112447221	+	25926935	25927045	LOC112447221	NC_037333.1
LOC132345483	+	26323945	26356227	LOC132345483	NC_037333.1
STPG2	+	26376973	27013089	STPG2	NC_037333.1
UNC5C	+	28936297	29361535	UNC5C	NC_037333.1
LOC132345564	+	30141654	30143391	LOC132345564	NC_037333.1
HPGDS	+	30267639	30308185	HPGDS	NC_037333.1
TRNAE-UUC-42	+	30804912	30804983	TRNAE-UUC	NC_037333.1
LOC112447051	+	30885894	30889010	LOC112447051	NC_037333.1
LOC509118	+	33571351	33573255	LOC509118	NC_037333.1
LOC132345485	+	34656725	34660462	LOC132345485	NC_037333.1
LOC132345487	+	35190459	35190857	LOC132345487	NC_037333.1
GPRIN3	+	35497632	35574468	GPRIN3	NC_037333.1
NAP1L5	+	36082759	36084691	NAP1L5	NC_037333.1
PIGY	+	36250626	36253481	PIGY	NC_037333.1
PYURF	+	36250626	36253481	PYURF	NC_037333.1
ABCG2	+	36475511	36603215	ABCG2	NC_037333.1
LOC112447053	+	36702045	36912300	LOC112447053	NC_037333.1
LOC132345489	+	37117566	37137409	LOC132345489	NC_037333.1
LAP3	+	37140752	37166191	LAP3	NC_037333.1
MED28	+	37169216	37175026	MED28	NC_037333.1
TRNAG-ACC-3	+	39593223	39593294	TRNAG-ACC	NC_037333.1
SLIT2	+	39778000	40184422	SLIT2	NC_037333.1
LOC112447054	+	40827644	40870458	LOC112447054	NC_037333.1
LOC132345576	+	42210050	42218686	LOC132345576	NC_037333.1
GBA3	+	42263601	42395508	GBA3	NC_037333.1
LOC104972733	+	43014063	43081541	LOC104972733	NC_037333.1
LOC132345577	+	43196180	43196524	LOC132345577	NC_037333.1
TRNAS-GGA-44	+	43456204	43456275	TRNAS-GGA	NC_037333.1
LOC132345578	+	44257594	44259234	LOC132345578	NC_037333.1
LOC104968852	+	44320630	44372108	LOC104968852	NC_037333.1
SOD3	+	44387191	44393167	SOD3	NC_037333.1
LOC112447152	+	44542972	44564910	LOC112447152	NC_037333.1
LOC112447056	+	44695267	44711271	LOC112447056	NC_037333.1
PI4K2B	+	44738676	44841662	PI4K2B	NC_037333.1
ANAPC4	+	44921936	44955049	ANAPC4	NC_037333.1
LOC112447218	+	45175613	45175719	LOC112447218	NC_037333.1
LOC132345579	+	45390288	45393051	LOC132345579	NC_037333.1
SMIM20	+	45403482	45416235	SMIM20	NC_037333.1
TRNAA-UGC-3	+	45436475	45436549	TRNAA-UGC	NC_037333.1
LOC112447154	+	46200360	46233057	LOC112447154	NC_037333.1
STIM2	+	46270843	46456139	STIM2	NC_037333.1
TRNAW-CCA-41	+	47923593	47923664	TRNAW-CCA	NC_037333.1
LOC112447186	+	49020641	49020774	LOC112447186	NC_037333.1
LOC112447188	+	53100611	53100693	LOC112447188	NC_037333.1
TRNAR-ACG-9	+	54156896	54156967	TRNAR-ACG	NC_037333.1
NWD2	+	56607954	56846971	NWD2	NC_037333.1
PGM2	+	57145040	57182341	PGM2	NC_037333.1
TBC1D1	+	57203557	57429961	TBC1D1	NC_037333.1
KLF3	+	57942847	57978356	KLF3	NC_037333.1
LOC112447068	+	58018739	58028282	LOC112447068	NC_037333.1
FAM114A1	+	58091735	58156566	FAM114A1	NC_037333.1
KLHL5	+	58241489	58337305	KLHL5	NC_037333.1
WDR19	+	58350006	58428624	WDR19	NC_037333.1
LIAS	+	58569544	58581427	LIAS	NC_037333.1
LOC132345501	+	59089400	59106890	LOC132345501	NC_037333.1
N4BP2	+	59106855	59162709	N4BP2	NC_037333.1
RHOH	+	59202154	59250257	RHOH	NC_037333.1
CHRNA9	+	59324388	59337767	CHRNA9	NC_037333.1
LOC112447071	+	59356426	59378100	LOC112447071	NC_037333.1
NSUN7	+	59663407	59710952	NSUN7	NC_037333.1
UCHL1	+	60147577	60159280	UCHL1	NC_037333.1
LOC112447073	+	60252994	60292310	LOC112447073	NC_037333.1
LOC132345505	+	60664685	60678379	LOC132345505	NC_037333.1
TMEM33	+	60814803	60834434	TMEM33	NC_037333.1
SLC30A9	+	60859582	60948048	SLC30A9	NC_037333.1
LOC132345509	+	61081449	61097779	LOC132345509	NC_037333.1
LOC132345510	+	61107346	61109197	LOC132345510	NC_037333.1
MIR2285CS	+	61443447	61443505	MIR2285CS	NC_037333.1
LOC112447156	+	61870049	61887193	LOC112447156	NC_037333.1
TRNAC-ACA-59	+	62350182	62350253	TRNAC-ACA	NC_037333.1
LOC132345511	+	62421446	62438657	LOC132345511	NC_037333.1
GUF1	+	63290356	63316637	GUF1	NC_037333.1
LOC104968873	+	63332265	63345655	LOC104968873	NC_037333.1
TRNAC-ACA-60	+	63559351	63559422	TRNAC-ACA	NC_037333.1
TRNAY-GUA-16	+	63631508	63631579	TRNAY-GUA	NC_037333.1
TRNAW-CCA-43	+	64997002	64997073	TRNAW-CCA	NC_037333.1
GABRB1	+	65611637	66064698	GABRB1	NC_037333.1
ATP10D	+	66135915	66272136	ATP10D	NC_037333.1
TRNAC-GCA-77	+	66256863	66256935	TRNAC-GCA	NC_037333.1
NIPAL1	+	66717013	66744153	NIPAL1	NC_037333.1
SLAIN2	+	67048631	67120464	SLAIN2	NC_037333.1
ZAR1	+	67172184	67188089	ZAR1	NC_037333.1
OCIAD1	+	67496284	67519222	OCIAD1	NC_037333.1
CWH43	+	67633865	67706775	CWH43	NC_037333.1
DCUN1D4	+	67706928	67788868	DCUN1D4	NC_037333.1
LOC132345515	+	67802765	67824426	LOC132345515	NC_037333.1
SPATA18	+	67916281	67960216	SPATA18	NC_037333.1
DANCR	+	68399343	68407991	DANCR	NC_037333.1
MIR4449	+	68399515	68399583	MIR4449	NC_037333.1
LOC112447192	+	68404963	68405084	LOC112447192	NC_037333.1
LOC112447080	+	69594417	69595943	LOC112447080	NC_037333.1
GSX2	+	69629306	69630906	GSX2	NC_037333.1
LOC112447208	+	69954510	69954616	LOC112447208	NC_037333.1
KIT	+	70166692	70254049	KIT	NC_037333.1
LOC112447081	+	70307180	70369372	LOC112447081	NC_037333.1
SRD5A3	+	70803119	70819349	SRD5A3	NC_037333.1
EXOC1L	+	71230499	71247204	EXOC1L	NC_037333.1
EXOC1	+	71271841	71325107	EXOC1	NC_037333.1
CEP135	+	71357309	71433288	CEP135	NC_037333.1
ARL9	+	71874902	71890030	ARL9	NC_037333.1
THEGL	+	71893508	71935734	THEGL	NC_037333.1
LOC104968891	+	71979634	71987356	LOC104968891	NC_037333.1
LOC112447194	+	72081095	72081221	LOC112447194	NC_037333.1
TRNAG-UCC-32	+	73540827	73540898	TRNAG-UCC	NC_037333.1
TRNAW-CCA-44	+	74279094	74279165	TRNAW-CCA	NC_037333.1
LOC112447159	+	75377597	75403181	LOC112447159	NC_037333.1
TRNAC-GCA-80	+	76367537	76367608	TRNAC-GCA	NC_037333.1
LOC112447161	+	78167200	78238526	LOC112447161	NC_037333.1
LOC132345519	+	80045575	80050280	LOC132345519	NC_037333.1
LOC132345522	+	83277546	83282586	LOC132345522	NC_037333.1
YTHDC1	+	84101772	84139902	YTHDC1	NC_037333.1
CSN1S1	+	85411718	85429255	CSN1S1	NC_037333.1
HSTN	+	85459411	85472039	HSTN	NC_037333.1
CSN1S2	+	85530057	85548538	CSN1S2	NC_037333.1
PRR27	+	85549407	85567186	PRR27	NC_037333.1
LOC104968904	+	85624669	85630558	LOC104968904	NC_037333.1
CSN3	+	85645854	85658910	CSN3	NC_037333.1
LOC104968905	+	85665935	85675851	LOC104968905	NC_037333.1
CABS1	+	85734562	85736677	CABS1	NC_037333.1
SMR3A	+	85774013	85780976	SMR3A	NC_037333.1
LOC132345523	+	85797161	85807484	LOC132345523	NC_037333.1
AMTN	+	85903765	85917032	AMTN	NC_037333.1
AMBN	+	85968080	85979387	AMBN	NC_037333.1
ENAM	+	86013753	86024035	ENAM	NC_037333.1
UTP3	+	86071532	86073187	UTP3	NC_037333.1
RUFY3	+	86092771	86184499	RUFY3	NC_037333.1
DCK	+	86319166	86345274	DCK	NC_037333.1
SLC4A4	+	86449488	86813499	SLC4A4	NC_037333.1
ALB	+	88484961	88503330	ALB	NC_037333.1
AFP	+	88511182	88532729	AFP	NC_037333.1
AFM	+	88543284	88570082	AFM	NC_037333.1
LOC112447100	+	88720481	88721735	LOC112447100	NC_037333.1
CXCL8	+	88810807	88814572	CXCL8	NC_037333.1
LOC534181	+	88887146	88888874	LOC534181	NC_037333.1
CXCL5	+	88897012	88899130	CXCL5	NC_037333.1
PPBP	+	88915411	88917013	PPBP	NC_037333.1
PF4	+	88924248	88925219	PF4	NC_037333.1
CXCL2	+	88946394	88948465	CXCL2	NC_037333.1
LOC100847175	+	88955020	88962681	LOC100847175	NC_037333.1
CXCL3	+	89061330	89063355	CXCL3	NC_037333.1
EPGN	+	89245021	89253063	EPGN	NC_037333.1
EREG	+	89306953	89327103	EREG	NC_037333.1
AREG	+	89379568	89391890	AREG	NC_037333.1
PARM1	+	89847747	89973570	PARM1	NC_037333.1
THAP6	+	90339459	90367921	THAP6	NC_037333.1
LOC132345588	+	90399597	90400186	LOC132345588	NC_037333.1
LOC132345527	+	90457840	90468079	LOC132345527	NC_037333.1
LOC112447196	+	90680644	90680807	LOC112447196	NC_037333.1
ART3	+	90864177	91007995	ART3	NC_037333.1
FAM47E	+	91167263	91201889	FAM47E	NC_037333.1
STBD1	+	91219285	91223925	STBD1	NC_037333.1
SHROOM3	+	91318255	91647373	SHROOM3	NC_037333.1
LOC132345530	+	91653936	91656155	LOC132345530	NC_037333.1
SEPTIN11	+	91737395	91876722	SEPTIN11	NC_037333.1
LOC101901983	+	91919517	91969554	LOC101901983	NC_037333.1
CCNG2	+	91993584	92003022	CCNG2	NC_037333.1
CXCL13	+	92284769	92291183	CXCL13	NC_037333.1
MIR2285BF-1	+	92907305	92907362	MIR2285BF-1	NC_037333.1
ANXA3	+	93301343	93373384	ANXA3	NC_037333.1
TRNAC-GCA-82	+	93389788	93389858	TRNAC-GCA	NC_037333.1
LOC112447104	+	93432677	93445232	LOC112447104	NC_037333.1
BMP2K	+	93534465	93652748	BMP2K	NC_037333.1
LOC132345535	+	93743762	93820153	LOC132345535	NC_037333.1
LOC132345536	+	94117861	94123851	LOC132345536	NC_037333.1
PRDM8	+	94869125	94888990	PRDM8	NC_037333.1
FGF5	+	94954669	94979368	FGF5	NC_037333.1
BMP3	+	95815372	95842658	BMP3	NC_037333.1
LOC112447184	+	96186872	96187006	LOC112447184	NC_037333.1
LOC112447109	+	96252673	96265817	LOC112447109	NC_037333.1
ENOPH1	+	97216747	97255730	ENOPH1	NC_037333.1
THAP9	+	97724467	97745001	THAP9	NC_037333.1
COPS4	+	97836439	97875462	COPS4	NC_037333.1
LOC112447183	+	97859009	97859143	LOC112447183	NC_037333.1
GPAT3	+	98288574	98360326	GPAT3	NC_037333.1
LOC112447214	+	98666734	98666843	LOC112447214	NC_037333.1
CDS1	+	99411737	99491693	CDS1	NC_037333.1
ARHGAP24	+	100005717	100887290	ARHGAP24	NC_037333.1
PTPN13	+	101531438	101725032	PTPN13	NC_037333.1
AFF1	+	101852671	102049892	AFF1	NC_037333.1
MIR2284AB	+	102017883	102017942	MIR2284AB	NC_037333.1
NUDT9	+	102320425	102357769	NUDT9	NC_037333.1
DSPP	+	102494971	102502303	DSPP	NC_037333.1
DMP1	+	102526301	102543091	DMP1	NC_037333.1
LOC523503	+	102631210	102676739	LOC523503	NC_037333.1
LOC132345542	+	102917163	102918831	LOC132345542	NC_037333.1
JAKMIP1	+	103013177	103170607	JAKMIP1	NC_037333.1
CRMP1	+	103323034	103389316	CRMP1	NC_037333.1
EVC2	+	103497473	103662789	EVC2	NC_037333.1
LOC112447216	+	103607166	103607267	LOC112447216	NC_037333.1
TRNAC-ACA-63	+	103973880	103973952	TRNAC-ACA	NC_037333.1
LOC132345545	+	103991916	103994291	LOC132345545	NC_037333.1
CYTL1	+	104147432	104152392	CYTL1	NC_037333.1
TRNAC-ACA-64	+	104344268	104344340	TRNAC-ACA	NC_037333.1
STX18	+	104587343	104705747	STX18	NC_037333.1
LYAR	+	104819028	104839737	LYAR	NC_037333.1
OTOP1	+	104881314	104933145	OTOP1	NC_037333.1
TRNAG-CCC-64	+	105099849	105099922	TRNAG-CCC	NC_037333.1
LOC112447169	+	105845530	105910191	LOC112447169	NC_037333.1
TRNAW-CCA-45	+	106385412	106385484	TRNAW-CCA	NC_037333.1
LOC112447124	+	106548431	106566373	LOC112447124	NC_037333.1
LOC112447233	+	107614964	107615071	LOC112447233	NC_037333.1
LOC132345548	+	108831138	108833796	LOC132345548	NC_037333.1
LOC101902473	+	109175374	109183215	LOC101902473	NC_037333.1
LOC112447125	+	109333259	109343967	LOC112447125	NC_037333.1
LOC112447126	+	109447167	109492907	LOC112447126	NC_037333.1
CPEB2	+	110150627	110219496	CPEB2	NC_037333.1
LOC132345551	+	110283109	110295389	LOC132345551	NC_037333.1
C1QTNF7	+	110458105	110586493	C1QTNF7	NC_037333.1
LOC104968938	+	110595226	110602314	LOC104968938	NC_037333.1
FAM200B	+	110852056	110859769	FAM200B	NC_037333.1
BST1	+	110872126	110916163	BST1	NC_037333.1
LOC104968940	+	111327510	111344178	LOC104968940	NC_037333.1
LOC132345554	+	112183984	112204846	LOC132345554	NC_037333.1
CLRN2	+	112942655	112952422	CLRN2	NC_037333.1
LOC532207	+	113057603	113097920	LOC532207	NC_037333.1
LOC528518	+	113103692	113156509	LOC528518	NC_037333.1
MRFAP1L1	+	113176048	113178189	MRFAP1L1	NC_037333.1
TBC1D14	+	113396087	113504807	TBC1D14	NC_037333.1
TADA2B	+	113511898	113527600	TADA2B	NC_037333.1
MIR2453	+	113521279	113521357	MIR2453	NC_037333.1
MIR2452	+	114027966	114028043	MIR2452	NC_037333.1
TRNAL-UAA-2	+	114344591	114344672	TRNAL-UAA	NC_037333.1
SH3TC1	+	114489932	114552095	SH3TC1	NC_037333.1
GPR78	+	114768773	114783866	GPR78	NC_037333.1
TRNAC-GCA-83	+	114843369	114843439	TRNAC-GCA	NC_037333.1
LRPAP1	+	115369855	115383647	LRPAP1	NC_037333.1
NOP14	+	115790505	115805615	NOP14	NC_037333.1
MFSD10	+	115806980	115811703	MFSD10	NC_037333.1
LOC112447215	+	115864575	115864681	LOC112447215	NC_037333.1
TNIP2	+	115983635	116019379	TNIP2	NC_037333.1
NELFA	+	116624401	116640130	NELFA	NC_037333.1
TMEM129	+	116835679	116840068	TMEM129	NC_037333.1
SLBP	+	116841884	116857412	SLBP	NC_037333.1
LOC104972780	+	116929026	116952094	LOC104972780	NC_037333.1
NKX1-1	+	117080346	117083899	NKX1-1	NC_037333.1
CTBP1	+	117201642	117225831	CTBP1	NC_037333.1
LOC132345558	+	117338143	117343315	LOC132345558	NC_037333.1
DGKQ	+	117399690	117411191	DGKQ	NC_037333.1
CPLX1	+	117489824	117530963	CPLX1	NC_037333.1
SLC49A3	+	117639848	117648372	SLC49A3	NC_037333.1
MIR11993	+	117644395	117644448	MIR11993	NC_037333.1
TRNAC-GCA-84	+	228998	229070	TRNAC-GCA	NC_037334.1
FLT4	+	496623	537882	FLT4	NC_037334.1
MAPK9	+	919314	987447	MAPK9	NC_037334.1
RASGEF1C	+	1004381	1133534	RASGEF1C	NC_037334.1
LOC107132589	+	1306538	1308935	LOC107132589	NC_037334.1
TBC1D9B	+	1374534	1414811	TBC1D9B	NC_037334.1
MRNIP	+	1417994	1435526	MRNIP	NC_037334.1
LOC100295951	+	1457143	1485945	LOC100295951	NC_037334.1
HNRNPH1	+	1694622	1703640	HNRNPH1	NC_037334.1
LOC104969036	+	1759455	1762242	LOC104969036	NC_037334.1
LOC132345666	+	1888481	1895146	LOC132345666	NC_037334.1
H2AC25	+	2573757	2575265	H2AC25	NC_037334.1
TRIM17	+	2624069	2631339	TRIM17	NC_037334.1
TRIM11	+	2632261	2640136	TRIM11	NC_037334.1
LOC101905254	+	2653193	2655559	LOC101905254	NC_037334.1
MRPL55	+	2993262	2997183	MRPL55	NC_037334.1
C7H1orf35	+	2998019	3000275	C7H1orf35	NC_037334.1
WNT9A	+	3134966	3164814	WNT9A	NC_037334.1
ZNF93	+	3506096	3540806	ZNF93	NC_037334.1
LOC112447314	+	3626433	3627786	LOC112447314	NC_037334.1
ATP13A1	+	3672508	3688081	ATP13A1	NC_037334.1
GMIP	+	3693640	3703468	GMIP	NC_037334.1
LPAR2	+	3704341	3709843	LPAR2	NC_037334.1
PBX4	+	3710135	3769024	PBX4	NC_037334.1
TSSK6	+	3809932	3811955	TSSK6	NC_037334.1
SUGP1	+	3966094	3998163	SUGP1	NC_037334.1
TM6SF2	+	4001003	4007888	TM6SF2	NC_037334.1
HAPLN4	+	4011030	4022251	HAPLN4	NC_037334.1
LOC100271850-MEF2B	+	4065562	4099713	LOC100271850-MEF2B	NC_037334.1
MEF2B	+	4082804	4099713	MEF2B	NC_037334.1
SUGP2	+	4183907	4213264	SUGP2	NC_037334.1
HOMER3	+	4275977	4284203	HOMER3	NC_037334.1
COPE	+	4292707	4310862	COPE	NC_037334.1
CERS1	+	4313595	4333193	CERS1	NC_037334.1
LOC112447321	+	4368825	4380426	LOC112447321	NC_037334.1
COMP	+	4422721	4430541	COMP	NC_037334.1
CRLF1	+	4588326	4599188	CRLF1	NC_037334.1
LOC112447322	+	4606206	4609602	LOC112447322	NC_037334.1
FKBP8	+	4634462	4643265	FKBP8	NC_037334.1
ELL	+	4654732	4734023	ELL	NC_037334.1
ISYNA1	+	4737566	4740762	ISYNA1	NC_037334.1
LOC101908182	+	4747553	4762965	LOC101908182	NC_037334.1
LRRC25	+	4771712	4775571	LRRC25	NC_037334.1
LSM4	+	4881009	4893677	LSM4	NC_037334.1
JUND	+	4912209	4913961	JUND	NC_037334.1
IQCN	+	4913340	4939184	IQCN	NC_037334.1
CIST1	+	4940162	4984503	CIST1	NC_037334.1
LOC618787	+	4954775	4978537	LOC618787	NC_037334.1
RAB3A	+	5018104	5023793	RAB3A	NC_037334.1
LOC112447324	+	5067460	5074545	LOC112447324	NC_037334.1
JAK3	+	5306827	5323976	JAK3	NC_037334.1
LOC132345675	+	5440075	5454881	LOC132345675	NC_037334.1
UNC13A	+	5460288	5529783	UNC13A	NC_037334.1
NXNL1	+	5658318	5677008	NXNL1	NC_037334.1
LOC100298356	+	5726191	5730511	LOC100298356	NC_037334.1
LOC112441507	+	5734997	5739664	LOC112441507	NC_037334.1
LOC618737	+	5745620	5748441	LOC618737	NC_037334.1
CCDC194	+	5748533	5758512	CCDC194	NC_037334.1
PLVAP	+	5762845	5781734	PLVAP	NC_037334.1
ANO8	+	5794341	5805234	ANO8	NC_037334.1
ABHD8	+	5822902	5829859	ABHD8	NC_037334.1
USHBP1	+	5846746	5855773	USHBP1	NC_037334.1
LOC104969050	+	5875001	5878059	LOC104969050	NC_037334.1
LOC112447326	+	5930536	5935058	LOC112447326	NC_037334.1
HAUS8	+	5991339	6016461	HAUS8	NC_037334.1
MIR8550	+	6134419	6134475	MIR8550	NC_037334.1
LOC132345678	+	6243873	6247153	LOC132345678	NC_037334.1
SMIM7	+	6384274	6396730	SMIM7	NC_037334.1
MED26	+	6412481	6453160	MED26	NC_037334.1
CHERP	+	6479005	6498290	CHERP	NC_037334.1
CALR3	+	6520962	6546081	CALR3	NC_037334.1
EPS15L1	+	6553109	6659287	EPS15L1	NC_037334.1
LOC132345681	+	6711234	6727053	LOC132345681	NC_037334.1
LOC132345682	+	6826526	6828326	LOC132345682	NC_037334.1
LOC789275	+	7043986	7044943	LOC789275	NC_037334.1
OR10H2B	+	7071057	7072481	OR10H2B	NC_037334.1
OR10H1G	+	7110287	7111141	OR10H1G	NC_037334.1
OR1AE1	+	7213731	7214669	OR1AE1	NC_037334.1
OR10H1F	+	7231650	7232597	OR10H1F	NC_037334.1
OR10H4T	+	7297362	7298210	OR10H4T	NC_037334.1
LOC100295883	+	7483942	7515343	LOC100295883	NC_037334.1
RASAL3	+	7691727	7703553	RASAL3	NC_037334.1
WIZ	+	7705212	7731929	WIZ	NC_037334.1
EPHX3	+	7891236	7904963	EPHX3	NC_037334.1
NOTCH3	+	7910617	7950466	NOTCH3	NC_037334.1
ILVBL	+	7999299	8010980	ILVBL	NC_037334.1
SLC1A6	+	8179440	8205490	SLC1A6	NC_037334.1
OR7A117	+	8554462	8555409	OR7A117	NC_037334.1
OR7A130	+	8640062	8641582	OR7A130	NC_037334.1
OR7A121	+	8650291	8651214	OR7A121	NC_037334.1
LOC112447477	+	8679664	8680733	LOC112447477	NC_037334.1
OR7A75	+	9044582	9045642	OR7A75	NC_037334.1
OR7A83	+	9224014	9224952	OR7A83	NC_037334.1
OR7A99	+	9613342	9614292	OR7A99	NC_037334.1
OR7A97	+	9634312	9635277	OR7A97	NC_037334.1
OR7A78	+	9656778	9657734	OR7A78	NC_037334.1
OR7A92	+	9735263	9736129	OR7A92	NC_037334.1
LOC112447331	+	9984219	9989506	LOC112447331	NC_037334.1
OR7A88	+	10022869	10023816	OR7A88	NC_037334.1
OR7A112	+	10090120	10091650	OR7A112	NC_037334.1
OR7A106	+	10103904	10105102	OR7A106	NC_037334.1
OR7A122	+	10154879	10155916	OR7A122	NC_037334.1
OR7A115	+	10416262	10417392	OR7A115	NC_037334.1
OR7A113	+	10428807	10429844	OR7A113	NC_037334.1
LOC132345687	+	10456321	10457380	LOC132345687	NC_037334.1
OR7A91	+	10479069	10480001	OR7A91	NC_037334.1
LOC100337213	+	10594359	10637257	LOC100337213	NC_037334.1
LOC100299045	+	10747869	11043552	LOC100299045	NC_037334.1
ADGRE3	+	11116628	11181632	ADGRE3	NC_037334.1
NDUFB7	+	11227911	11232300	NDUFB7	NC_037334.1
DNAJB1	+	11261227	11273084	DNAJB1	NC_037334.1
GIPC1	+	11285256	11298257	GIPC1	NC_037334.1
PTGER1	+	11300954	11307745	PTGER1	NC_037334.1
LOC107132604	+	11457788	11475508	LOC107132604	NC_037334.1
LOC100335404	+	11480782	11489113	LOC100335404	NC_037334.1
ADGRL1	+	11510052	11560787	ADGRL1	NC_037334.1
ASF1B	+	11577424	11589851	ASF1B	NC_037334.1
SMIM46	+	11596240	11597978	SMIM46	NC_037334.1
SAMD1	+	11611572	11614525	SAMD1	NC_037334.1
C7H19orf67	+	11614630	11618700	C7H19orf67	NC_037334.1
LOC112447337	+	11735409	11754531	LOC112447337	NC_037334.1
PODNL1	+	11759873	11765556	PODNL1	NC_037334.1
BRME1	+	11784555	11805412	BRME1	NC_037334.1
LOC132345691	+	11833217	11839941	LOC132345691	NC_037334.1
MIR23A	+	11838703	11838775	MIR23A	NC_037334.1
MIR24-2	+	11839032	11839103	MIR24-2	NC_037334.1
TRNAG-UCC-35	+	12036407	12036479	TRNAG-UCC	NC_037334.1
CACNA1A	+	12144006	12397316	CACNA1A	NC_037334.1
TRNAG-UCC-36	+	12297140	12297213	TRNAG-UCC	NC_037334.1
STX10	+	12438436	12447993	STX10	NC_037334.1
SYCE2	+	12641057	12658387	SYCE2	NC_037334.1
KLF1	+	12671237	12675539	KLF1	NC_037334.1
DNASE2	+	12676707	12679150	DNASE2	NC_037334.1
PRDX2	+	12730404	12733442	PRDX2	NC_037334.1
TRNAC-ACA-66	+	12765271	12765342	TRNAC-ACA	NC_037334.1
TRIR	+	12781106	12784169	TRIR	NC_037334.1
LOC112447621	+	12799678	12799748	LOC112447621	NC_037334.1
LOC132345852	+	12801570	12801645	LOC132345852	NC_037334.1
FBXW9	+	12805980	12811883	FBXW9	NC_037334.1
DHPS	+	12816113	12820023	DHPS	NC_037334.1
WDR83OS	+	12824433	12837541	WDR83OS	NC_037334.1
MAN2B1	+	12838426	12853764	MAN2B1	NC_037334.1
OR7G7	+	13435652	13436569	OR7G7	NC_037334.1
OR7E192	+	13517832	13520617	OR7E192	NC_037334.1
OR7V1	+	13597295	13598295	OR7V1	NC_037334.1
ZNF317	+	13609748	13623854	ZNF317	NC_037334.1
TRNAC-ACA-67	+	13637901	13637972	TRNAC-ACA	NC_037334.1
OR7G52	+	13792714	13793783	OR7G52	NC_037334.1
LOC787423	+	13970057	13971072	LOC787423	NC_037334.1
OR7E188	+	14031125	14032012	OR7E188	NC_037334.1
LOC521350	+	14104672	14105654	LOC521350	NC_037334.1
LOC783857	+	14118203	14125451	LOC783857	NC_037334.1
ZNF177	+	14216111	14238232	ZNF177	NC_037334.1
LOC100139345	+	14277693	14314951	LOC100139345	NC_037334.1
ZNF266	+	14325785	14369463	ZNF266	NC_037334.1
UBL5	+	14420687	14422238	UBL5	NC_037334.1
PIN1	+	14429856	14442110	PIN1	NC_037334.1
LOC112447604	+	14479880	14480014	LOC112447604	NC_037334.1
LOC132345693	+	14566940	14569553	LOC132345693	NC_037334.1
LOC528040	+	14609175	14644044	LOC528040	NC_037334.1
SHFL	+	14650071	14654413	SHFL	NC_037334.1
LOC112447620	+	14664956	14665040	LOC112447620	NC_037334.1
LOC112447629	+	14666379	14666453	LOC112447629	NC_037334.1
P2RY11	+	14668266	14670608	P2RY11	NC_037334.1
LOC112447587	+	14764016	14764119	LOC112447587	NC_037334.1
MRPL4	+	14771949	14781061	MRPL4	NC_037334.1
LOC112447585	+	14922644	14922746	LOC112447585	NC_037334.1
PDE4A	+	14946358	14990839	PDE4A	NC_037334.1
LOC132345696	+	15017675	15019075	LOC132345696	NC_037334.1
SLC44A2	+	15097993	15130758	SLC44A2	NC_037334.1
ILF3	+	15137056	15164555	ILF3	NC_037334.1
QTRT1	+	15188044	15197528	QTRT1	NC_037334.1
DNM2	+	15209098	15298846	DNM2	NC_037334.1
MIR3604-1	+	15283408	15283485	MIR3604-1	NC_037334.1
C7H19orf38	+	15302051	15319317	C7H19orf38	NC_037334.1
CARM1	+	15320135	15363656	CARM1	NC_037334.1
TIMM29	+	15368548	15370407	TIMM29	NC_037334.1
LOC100847184	+	15377884	15378867	LOC100847184	NC_037334.1
SMARCA4	+	15424807	15515093	SMARCA4	NC_037334.1
MIR2882	+	15441086	15441143	MIR2882	NC_037334.1
LOC112447661	+	15539860	15539966	LOC112447661	NC_037334.1
LDLR	+	15545371	15579082	LDLR	NC_037334.1
ANGPTL8	+	15656179	15658097	ANGPTL8	NC_037334.1
TSPAN16	+	15709072	15728284	TSPAN16	NC_037334.1
PLPPR2	+	15759633	15768146	PLPPR2	NC_037334.1
SWSAP1	+	15772949	15774485	SWSAP1	NC_037334.1
LOC112447346	+	15861244	15865989	LOC112447346	NC_037334.1
LOC538435	+	15961147	15964406	LOC538435	NC_037334.1
ZNF557	+	15992582	16012715	ZNF557	NC_037334.1
LOC508834	+	16029626	16034336	LOC508834	NC_037334.1
LOC112447347	+	16121380	16141049	LOC112447347	NC_037334.1
ZNF358	+	16383427	16388406	ZNF358	NC_037334.1
MCOLN1	+	16390821	16399664	MCOLN1	NC_037334.1
PNPLA6	+	16399792	16430242	PNPLA6	NC_037334.1
PET100	+	16474692	16476410	PET100	NC_037334.1
STXBP2	+	16482871	16491641	STXBP2	NC_037334.1
TRAPPC5	+	16526035	16528272	TRAPPC5	NC_037334.1
EVI5L	+	16608231	16640668	EVI5L	NC_037334.1
LRRC8E	+	16653091	16660988	LRRC8E	NC_037334.1
MAP2K7	+	16662539	16672289	MAP2K7	NC_037334.1
TGFBR3L	+	16672387	16676133	TGFBR3L	NC_037334.1
SNAPC2	+	16676584	16679417	SNAPC2	NC_037334.1
LOC132345703	+	16695669	16698706	LOC132345703	NC_037334.1
CERS4	+	16897957	16933292	CERS4	NC_037334.1
RPS28	+	16968061	16969193	RPS28	NC_037334.1
MARCHF2	+	17038303	17052944	MARCHF2	NC_037334.1
HNRNPM	+	17058463	17098620	HNRNPM	NC_037334.1
LOC112447352	+	17157801	17170959	LOC112447352	NC_037334.1
NFILZ	+	17227237	17230696	NFILZ	NC_037334.1
LOC101904981	+	17252372	17300732	LOC101904981	NC_037334.1
OR2Z1	+	17264340	17265272	OR2Z1	NC_037334.1
SH2D3A	+	17732332	17747008	SH2D3A	NC_037334.1
GPR108	+	17759621	17766831	GPR108	NC_037334.1
C3	+	17774607	17810616	C3	NC_037334.1
TNFSF14	+	17838924	17844399	TNFSF14	NC_037334.1
CD70	+	17903865	17908687	CD70	NC_037334.1
DENND1C	+	17996518	18005883	DENND1C	NC_037334.1
SLC25A23	+	18011576	18025223	SLC25A23	NC_037334.1
SLC25A41	+	18025553	18035318	SLC25A41	NC_037334.1
KHSRP	+	18036612	18048156	KHSRP	NC_037334.1
PSPN	+	18069678	18073773	PSPN	NC_037334.1
ACER1	+	18075496	18132770	ACER1	NC_037334.1
MLLT1	+	18141495	18210109	MLLT1	NC_037334.1
RFX2	+	18305239	18398184	RFX2	NC_037334.1
RANBP3	+	18415399	18466164	RANBP3	NC_037334.1
FUT6	+	18506614	18516461	FUT6	NC_037334.1
DUS3L	+	18541354	18546357	DUS3L	NC_037334.1
PRR22	+	18546503	18548666	PRR22	NC_037334.1
LOC112447617	+	18550534	18550613	LOC112447617	NC_037334.1
LOC112447616	+	18550778	18550847	LOC112447616	NC_037334.1
MICOS13	+	18617089	18618698	MICOS13	NC_037334.1
LOC132345712	+	18625715	18628589	LOC132345712	NC_037334.1
LOC104969097	+	18651632	18653647	LOC104969097	NC_037334.1
TRNAK-UUU-16	+	18676744	18676816	TRNAK-UUU	NC_037334.1
SAFB2	+	18682927	18711822	SAFB2	NC_037334.1
ZNRF4	+	18837075	18838567	ZNRF4	NC_037334.1
PTPRS	+	18936418	19047287	PTPRS	NC_037334.1
ARRDC5	+	19256313	19274364	ARRDC5	NC_037334.1
PLIN3	+	19291365	19311906	PLIN3	NC_037334.1
TICAM1	+	19321358	19338323	TICAM1	NC_037334.1
DPP9	+	19428849	19465679	DPP9	NC_037334.1
MYDGF	+	19470131	19482063	MYDGF	NC_037334.1
MIR2285BY	+	19542123	19542178	MIR2285BY	NC_037334.1
SEMA6B	+	19554889	19585511	SEMA6B	NC_037334.1
LRG1	+	19596348	19599306	LRG1	NC_037334.1
PLIN5	+	19600495	19611773	PLIN5	NC_037334.1
PLIN4	+	19614597	19628222	PLIN4	NC_037334.1
SH3GL1	+	19706828	19734112	SH3GL1	NC_037334.1
TMIGD2	+	19775126	19782520	TMIGD2	NC_037334.1
SIRT6	+	19856994	19865253	SIRT6	NC_037334.1
MAP2K2	+	19909636	19930988	MAP2K2	NC_037334.1
DAPK3	+	20040342	20053594	DAPK3	NC_037334.1
LOC104969105	+	20055881	20072058	LOC104969105	NC_037334.1
ZFR2	+	20132905	20183032	ZFR2	NC_037334.1
MATK	+	20195053	20203022	MATK	NC_037334.1
RAX2	+	20206338	20209157	RAX2	NC_037334.1
APBA3	+	20214200	20221642	APBA3	NC_037334.1
CACTIN	+	20313603	20325827	CACTIN	NC_037334.1
TBXA2R	+	20330001	20343533	TBXA2R	NC_037334.1
LOC100849681	+	20354787	20361276	LOC100849681	NC_037334.1
DOHH	+	20418640	20426784	DOHH	NC_037334.1
SMIM24	+	20433050	20436476	SMIM24	NC_037334.1
LOC618071	+	20437392	20439636	LOC618071	NC_037334.1
TLE5	+	20735348	20743588	TLE5	NC_037334.1
TLE2	+	20748229	20777758	TLE2	NC_037334.1
SGTA	+	20903093	20917593	SGTA	NC_037334.1
DIRAS1	+	20951286	20957059	DIRAS1	NC_037334.1
LMNB2	+	21134167	21154517	LMNB2	NC_037334.1
TIMM13	+	21154979	21156157	TIMM13	NC_037334.1
LOC104969115	+	21246272	21247994	LOC104969115	NC_037334.1
TRNAR-CCU-12	+	21252405	21252477	TRNAR-CCU	NC_037334.1
LINGO3	+	21253538	21267397	LINGO3	NC_037334.1
PEAK3	+	21273876	21282997	PEAK3	NC_037334.1
SF3A2	+	21392148	21400795	SF3A2	NC_037334.1
AMH	+	21401483	21404348	AMH	NC_037334.1
MOB3A	+	21451817	21471519	MOB3A	NC_037334.1
MKNK2	+	21489677	21501464	MKNK2	NC_037334.1
SEPTIN8	+	21565041	21591951	SEPTIN8	NC_037334.1
KIF3A	+	21600112	21690725	KIF3A	NC_037334.1
IL5	+	21887391	21889791	IL5	NC_037334.1
IRF1	+	21938660	21946679	IRF1	NC_037334.1
TRNAY-AUA-10	+	22237957	22238028	TRNAY-AUA	NC_037334.1
LOC112447378	+	22269584	22283354	LOC112447378	NC_037334.1
LOC112447379	+	22302666	22336129	LOC112447379	NC_037334.1
ACSL6	+	22477874	22541091	ACSL6	NC_037334.1
FNIP1	+	22699186	22820846	FNIP1	NC_037334.1
RAPGEF6	+	22826288	23055066	RAPGEF6	NC_037334.1
HINT1	+	23271941	23278548	HINT1	NC_037334.1
LOC132345721	+	24363772	24379276	LOC132345721	NC_037334.1
TRNAQ-UUG-3	+	24414449	24414520	TRNAQ-UUG	NC_037334.1
LOC132345722	+	24948425	24971693	LOC132345722	NC_037334.1
FBN2	+	25484714	25706699	FBN2	NC_037334.1
LOC107132618	+	26140261	26450353	LOC107132618	NC_037334.1
TRNAC-ACA-69	+	26497561	26497632	TRNAC-ACA	NC_037334.1
LOC112447648	+	26722503	26722609	LOC112447648	NC_037334.1
C7H5orf63	+	26898933	26922501	C7H5orf63	NC_037334.1
MARCHF3	+	26947807	27104265	MARCHF3	NC_037334.1
LOC112447582	+	27208991	27209097	LOC112447582	NC_037334.1
ALDH7A1	+	27282330	27319845	ALDH7A1	NC_037334.1
LOC112447385	+	27371570	27375110	LOC112447385	NC_037334.1
LOC112447386	+	27465406	27472030	LOC112447386	NC_037334.1
LOC104969133	+	27533249	27678343	LOC104969133	NC_037334.1
LOC101904702	+	28459358	28989493	LOC101904702	NC_037334.1
ZNF608	+	29016570	29125945	ZNF608	NC_037334.1
CEP120	+	30357825	30441533	CEP120	NC_037334.1
PPIC	+	30779209	30793008	PPIC	NC_037334.1
LOC104969140	+	31542279	31548057	LOC104969140	NC_037334.1
LOX	+	31755215	31767581	LOX	NC_037334.1
LOC101907246	+	31863853	31955979	LOC101907246	NC_037334.1
LOC132345726	+	33501394	33597359	LOC132345726	NC_037334.1
LOC100295797	+	34292438	34298368	LOC100295797	NC_037334.1
DTWD2	+	34850843	34923992	DTWD2	NC_037334.1
LOC112447544	+	34979133	34981272	LOC112447544	NC_037334.1
LOC112447397	+	35175098	36084567	LOC112447397	NC_037334.1
TRNAH-AUG-5	+	35954520	35954591	TRNAH-AUG	NC_037334.1
TRNAC-ACA-70	+	37170182	37170254	TRNAC-ACA	NC_037334.1
ARL10	+	37840055	37849386	ARL10	NC_037334.1
MIR1271	+	37843326	37843411	MIR1271	NC_037334.1
HIGD2A	+	37856220	37857203	HIGD2A	NC_037334.1
FAF2	+	37916723	37988052	FAF2	NC_037334.1
CDHR2	+	38024576	38069388	CDHR2	NC_037334.1
EIF4E1B	+	38109887	38114331	EIF4E1B	NC_037334.1
TSPAN17	+	38116139	38126408	TSPAN17	NC_037334.1
UNC5A	+	38268514	38332964	UNC5A	NC_037334.1
ZNF346	+	38534328	38559316	ZNF346	NC_037334.1
LOC112447660	+	38537630	38537736	LOC112447660	NC_037334.1
FGFR4	+	38575626	38586374	FGFR4	NC_037334.1
NSD1	+	38618795	38772302	NSD1	NC_037334.1
PRELID1	+	38775913	38779467	PRELID1	NC_037334.1
LOC112447574	+	38803171	38803273	LOC112447574	NC_037334.1
SLC34A1	+	38883067	38896500	SLC34A1	NC_037334.1
LOC112447651	+	38906743	38906849	LOC112447651	NC_037334.1
GRK6	+	38925916	38940650	GRK6	NC_037334.1
PRR7	+	38952587	38953614	PRR7	NC_037334.1
TMED9	+	39117554	39121523	TMED9	NC_037334.1
B4GALT7	+	39124780	39131426	B4GALT7	NC_037334.1
HNRNPAB	+	39280575	39286715	HNRNPAB	NC_037334.1
PROP1	+	39848300	39852336	PROP1	NC_037334.1
BTNL9	+	40086597	40109438	BTNL9	NC_037334.1
OR2V2	+	40271218	40272165	OR2V2	NC_037334.1
OR2V2D	+	40294174	40295121	OR2V2D	NC_037334.1
TRNAL-AAG	+	40319416	40319497	TRNAL-AAG	NC_037334.1
TRIM41	+	40360208	40370256	TRIM41	NC_037334.1
NLRP3	+	40661404	40710827	NLRP3	NC_037334.1
LOC523292	+	40760267	40781211	LOC523292	NC_037334.1
OR2W53	+	40786582	40787526	OR2W53	NC_037334.1
GCSAML	+	40847809	40904677	GCSAML	NC_037334.1
OR2G27	+	40917488	40918417	OR2G27	NC_037334.1
OR2G28	+	40932403	40933408	OR2G28	NC_037334.1
OR5AE4	+	40974802	40975749	OR5AE4	NC_037334.1
OR5AE3	+	40999129	41000076	OR5AE3	NC_037334.1
OR6AN1	+	41169945	41170913	OR6AN1	NC_037334.1
TRIM58	+	41227993	41242828	TRIM58	NC_037334.1
OR2T62	+	41451091	41452026	OR2T62	NC_037334.1
OR2T63	+	41472526	41473458	OR2T63	NC_037334.1
OR2T16	+	41506904	41507845	OR2T16	NC_037334.1
OR2T60	+	41529114	41530052	OR2T60	NC_037334.1
OR2L3	+	41552591	41553529	OR2L3	NC_037334.1
OR2AJ9	+	41681668	41682612	OR2AJ9	NC_037334.1
OR2L2B	+	41773074	41774030	OR2L2B	NC_037334.1
OR2L2C	+	41791167	41792105	OR2L2C	NC_037334.1
OR2L3C	+	41810762	41811700	OR2L3C	NC_037334.1
OR2T22	+	41859337	41860266	OR2T22	NC_037334.1
OR2M4	+	41950264	41951214	OR2M4	NC_037334.1
OR2M10	+	41963265	41967950	OR2M10	NC_037334.1
OR2T4	+	42005533	42006495	OR2T4	NC_037334.1
OR2T6	+	42054353	42057005	OR2T6	NC_037334.1
OR2T1	+	42074011	42074982	OR2T1	NC_037334.1
OR2T27	+	42104424	42105365	OR2T27	NC_037334.1
OR2T2	+	42117970	42118946	OR2T2	NC_037334.1
OR2T11	+	42137752	42138687	OR2T11	NC_037334.1
OR2T3C	+	42285092	42286063	OR2T3C	NC_037334.1
OR2T55	+	42323260	42324222	OR2T55	NC_037334.1
OR2T3B	+	42355723	42356697	OR2T3B	NC_037334.1
OR2T29C	+	42374210	42375280	OR2T29C	NC_037334.1
OR2AV10	+	42451333	42452268	OR2AV10	NC_037334.1
OR2Z2	+	42476000	42476878	OR2Z2	NC_037334.1
LOC132345736	+	42513361	42517196	LOC132345736	NC_037334.1
TRNAL-CAA-3	+	42660399	42660504	TRNAL-CAA	NC_037334.1
TRNAE-CUC-10	+	42660785	42660856	TRNAE-CUC	NC_037334.1
OR2BB12	+	42879343	42880281	OR2BB12	NC_037334.1
OR2AZ3	+	42896306	42897241	OR2AZ3	NC_037334.1
OR2AZ3B	+	42931218	42932153	OR2AZ3B	NC_037334.1
TPGS1	+	43165011	43168957	TPGS1	NC_037334.1
CDC34	+	43173705	43180341	CDC34	NC_037334.1
GZMM	+	43182646	43189040	GZMM	NC_037334.1
BSG	+	43201661	43208638	BSG	NC_037334.1
HCN2	+	43213780	43234084	HCN2	NC_037334.1
LOC132345738	+	43239699	43243996	LOC132345738	NC_037334.1
TRNAE-UUC-46	+	43253591	43253663	TRNAE-UUC	NC_037334.1
FGF22	+	43258942	43261589	FGF22	NC_037334.1
FSTL3	+	43279494	43285847	FSTL3	NC_037334.1
PALM	+	43299477	43324385	PALM	NC_037334.1
MISP	+	43324443	43335563	MISP	NC_037334.1
PTBP1	+	43367474	43378191	PTBP1	NC_037334.1
AZU1	+	43391974	43394872	AZU1	NC_037334.1
LOC112447659	+	43393339	43393445	LOC112447659	NC_037334.1
PRTN3	+	43404242	43407634	PRTN3	NC_037334.1
ELANE	+	43411323	43413728	ELANE	NC_037334.1
CFD	+	43416267	43418803	CFD	NC_037334.1
LOC112447653	+	43436675	43436781	LOC112447653	NC_037334.1
KISS1R	+	43452512	43456629	KISS1R	NC_037334.1
ARID3A	+	43465781	43501224	ARID3A	NC_037334.1
WDR18	+	43504876	43510281	WDR18	NC_037334.1
GRIN3B	+	43514474	43523757	GRIN3B	NC_037334.1
CNN2	+	43535158	43543274	CNN2	NC_037334.1
ABCA7	+	43543369	43561826	ABCA7	NC_037334.1
ARHGAP45	+	43562250	43577674	ARHGAP45	NC_037334.1
GPX4	+	43588660	43591107	GPX4	NC_037334.1
STK11	+	43654969	43672270	STK11	NC_037334.1
ATP5F1D	+	43683704	43685876	ATP5F1D	NC_037334.1
MIDN	+	43688947	43698293	MIDN	NC_037334.1
CIRBP	+	43707444	43712194	CIRBP	NC_037334.1
FAM174C	+	43713177	43716027	FAM174C	NC_037334.1
EFNA2	+	43722742	43737301	EFNA2	NC_037334.1
PWWP3A	+	43787331	43804732	PWWP3A	NC_037334.1
TRNAN-GUU-24	+	43807816	43807889	TRNAN-GUU	NC_037334.1
RPS15	+	43846494	43848179	RPS15	NC_037334.1
APC2	+	43851850	43878127	APC2	NC_037334.1
REEP6	+	43895971	43902881	REEP6	NC_037334.1
PLK5	+	43930508	43934849	PLK5	NC_037334.1
LOC112447412	+	43955655	43961032	LOC112447412	NC_037334.1
ONECUT3	+	44100888	44120043	ONECUT3	NC_037334.1
LOC132345744	+	44145633	44148965	LOC132345744	NC_037334.1
LOC112447414	+	44154177	44166661	LOC112447414	NC_037334.1
SCAMP4	+	44220164	44237062	SCAMP4	NC_037334.1
MIR6120	+	44262287	44262357	MIR6120	NC_037334.1
LOC132345745	+	44373685	44382010	LOC132345745	NC_037334.1
SOWAHA	+	44401341	44405294	SOWAHA	NC_037334.1
LEAP2	+	44453424	44454342	LEAP2	NC_037334.1
HSPA4	+	44607161	44661126	HSPA4	NC_037334.1
LOC132345748	+	45068993	45082919	LOC132345748	NC_037334.1
LOC112447416	+	45263740	45274341	LOC112447416	NC_037334.1
LOC132345820	+	45661057	45664382	LOC132345820	NC_037334.1
TCF7	+	45768900	45800947	TCF7	NC_037334.1
LOC112447418	+	45867972	45878262	LOC112447418	NC_037334.1
MIR2285DI	+	45889767	45889827	MIR2285DI	NC_037334.1
UBE2B	+	45944974	45957592	UBE2B	NC_037334.1
JADE2	+	46066372	46118399	JADE2	NC_037334.1
SEC24A	+	46170365	46243672	SEC24A	NC_037334.1
CAMLG	+	46249357	46257152	CAMLG	NC_037334.1
DDX46	+	46263635	46332081	DDX46	NC_037334.1
C7H5orf24	+	46322048	46329338	C7H5orf24	NC_037334.1
TXNDC15	+	46354885	46370626	TXNDC15	NC_037334.1
PCBD2	+	46376905	46418585	PCBD2	NC_037334.1
LOC104969177	+	46536368	46810244	LOC104969177	NC_037334.1
TRNAA-AGC-2	+	47063816	47063887	TRNAA-AGC	NC_037334.1
LOC112447422	+	47252156	47257479	LOC112447422	NC_037334.1
SLC25A48	+	47258192	47309558	SLC25A48	NC_037334.1
FBXL21	+	47371373	47391297	FBXL21	NC_037334.1
TGFBI	+	47468020	47501512	TGFBI	NC_037334.1
SMAD5	+	47561017	47623314	SMAD5	NC_037334.1
PKD2L2	+	49358636	49403941	PKD2L2	NC_037334.1
TRNAG-UCC-42	+	49434407	49434479	TRNAG-UCC	NC_037334.1
LOC112447619	+	49514911	49515045	LOC112447619	NC_037334.1
WNT8A	+	49525958	49530902	WNT8A	NC_037334.1
KIF20A	+	49613257	49621655	KIF20A	NC_037334.1
TRNAE-UUC-47	+	49688236	49688307	TRNAE-UUC	NC_037334.1
SLBP2	+	49732269	49736159	SLBP2	NC_037334.1
FAM53C	+	49736535	49746612	FAM53C	NC_037334.1
MIR2459	+	49737453	49737522	MIR2459	NC_037334.1
KDM3B	+	49749544	49807181	KDM3B	NC_037334.1
REEP2	+	49808857	49814912	REEP2	NC_037334.1
EGR1	+	49826725	49829568	EGR1	NC_037334.1
CTNNA1	+	49909628	50255753	CTNNA1	NC_037334.1
SNHG4	+	50581376	50585186	SNHG4	NC_037334.1
MIR1949	+	50582819	50582886	MIR1949	NC_037334.1
LOC112447601	+	50584707	50584906	LOC112447601	NC_037334.1
PAIP2	+	50627934	50645912	PAIP2	NC_037334.1
SMIM33	+	50730478	50736655	SMIM33	NC_037334.1
CXXC5	+	50852090	50886369	CXXC5	NC_037334.1
PSD2	+	50948668	51027670	PSD2	NC_037334.1
LOC132345753	+	51180333	51193798	LOC132345753	NC_037334.1
LOC112447581	+	51253274	51253379	LOC112447581	NC_037334.1
IGIP	+	51314372	51314783	IGIP	NC_037334.1
SLC4A9	+	51558688	51572954	SLC4A9	NC_037334.1
TRNAE-CUC-11	+	51607808	51607880	TRNAE-CUC	NC_037334.1
ANKHD1	+	51610931	51716199	ANKHD1	NC_037334.1
EIF4EBP3	+	51722071	51724859	EIF4EBP3	NC_037334.1
LOC112447435	+	51731018	51736660	LOC112447435	NC_037334.1
LOC112447523	+	51738211	51743135	LOC112447523	NC_037334.1
IK	+	51780969	51793195	IK	NC_037334.1
WDR55	+	51795499	51800403	WDR55	NC_037334.1
ZMAT2	+	51825588	51830686	ZMAT2	NC_037334.1
LOC100847114	+	51886457	51887018	LOC100847114	NC_037334.1
LOC104968501	+	51901524	51905040	LOC104968501	NC_037334.1
LOC132345758	+	51945332	52067380	LOC132345758	NC_037334.1
LOC112447438	+	51974908	51977792	LOC112447438	NC_037334.1
LOC504207	+	52176468	52177704	LOC504207	NC_037334.1
LOC616427	+	52209159	52212275	LOC616427	NC_037334.1
LOC786512	+	52250357	52266613	LOC786512	NC_037334.1
LOC787102	+	52290428	52293588	LOC787102	NC_037334.1
LOC518612	+	52294481	52299347	LOC518612	NC_037334.1
LOC100848138	+	52299767	52306215	LOC100848138	NC_037334.1
LOC107131225	+	52307328	52310296	LOC107131225	NC_037334.1
LOC100848799	+	52310382	52320997	LOC100848799	NC_037334.1
LOC615130	+	52325252	52332587	LOC615130	NC_037334.1
PCDHB11	+	52338792	52341713	PCDHB11	NC_037334.1
LOC786553	+	52342460	52358050	LOC786553	NC_037334.1
LOC132345760	+	52368659	52375415	LOC132345760	NC_037334.1
LOC132342109	+	52410897	52452910	LOC132342109	NC_037334.1
PCDHGA2	+	52423818	52427003	PCDHGA2	NC_037334.1
PCDHGB4	+	52469410	52598880	PCDHGB4	NC_037334.1
PCDHGA8	+	52474727	52598880	PCDHGA8	NC_037334.1
LOC101904103	+	52503998	52511744	LOC101904103	NC_037334.1
PCDHGC3	+	52565851	52598880	PCDHGC3	NC_037334.1
RELL2	+	52730198	52734387	RELL2	NC_037334.1
LOC132345764	+	52857520	52868841	LOC132345764	NC_037334.1
RNF14	+	53035663	53054123	RNF14	NC_037334.1
LOC100847454	+	53351252	53692856	LOC100847454	NC_037334.1
LOC107132646	+	54312229	54391057	LOC107132646	NC_037334.1
KCTD16	+	55310696	55634681	KCTD16	NC_037334.1
SH3RF2	+	57145467	57294268	SH3RF2	NC_037334.1
RBM27	+	57417467	57482940	RBM27	NC_037334.1
POU4F3	+	57536103	57537434	POU4F3	NC_037334.1
LOC112447573	+	57622399	57622505	LOC112447573	NC_037334.1
TCERG1	+	57646700	57698493	TCERG1	NC_037334.1
STK32A	+	58457377	58590672	STK32A	NC_037334.1
MIR2284Y-7	+	58553819	58553895	MIR2284Y-7	NC_037334.1
TRNAA-AGC-3	+	58880123	58880194	TRNAA-AGC	NC_037334.1
SCGB3A2	+	59111461	59114900	SCGB3A2	NC_037334.1
SPINK5	+	59322042	59405624	SPINK5	NC_037334.1
LOC100296105	+	59418077	59422286	LOC100296105	NC_037334.1
SPINK6	+	59446527	59488546	SPINK6	NC_037334.1
LOC112447447	+	59507227	59515841	LOC112447447	NC_037334.1
LOC101903018	+	59546158	59551139	LOC101903018	NC_037334.1
LOC100295995	+	59578342	59584765	LOC100295995	NC_037334.1
LOC104972858	+	59593328	59597025	LOC104972858	NC_037334.1
LOC112447449	+	59604141	59634465	LOC112447449	NC_037334.1
SPINK13	+	59677744	59693511	SPINK13	NC_037334.1
LOC132345766	+	59699724	59708776	LOC132345766	NC_037334.1
SPINK7	+	59719570	59723764	SPINK7	NC_037334.1
SPINK9	+	59730320	59753431	SPINK9	NC_037334.1
LOC112447450	+	59780563	59788144	LOC112447450	NC_037334.1
FBXO38	+	59800354	59865455	FBXO38	NC_037334.1
ADRB2	+	60232706	60234735	ADRB2	NC_037334.1
ABLIM3	+	60505690	60641090	ABLIM3	NC_037334.1
GRPEL2	+	60743594	60752564	GRPEL2	NC_037334.1
PCYOX1L	+	60755248	60767540	PCYOX1L	NC_037334.1
LOC132345768	+	60793377	60815186	LOC132345768	NC_037334.1
MIR143	+	60812121	60812221	MIR143	NC_037334.1
MIR145	+	60813550	60813637	MIR145	NC_037334.1
ARHGEF37	+	60928099	60985014	ARHGEF37	NC_037334.1
MIR378-1	+	61076253	61076318	MIR378-1	NC_037334.1
SLC26A2	+	61283379	61305928	SLC26A2	NC_037334.1
HMGXB3	+	61318965	61379918	HMGXB3	NC_037334.1
CDX1	+	61521982	61539131	CDX1	NC_037334.1
SLC6A7	+	61546254	61566529	SLC6A7	NC_037334.1
LOC112447633	+	61562578	61562738	LOC112447633	NC_037334.1
TCOF1	+	61708244	61746781	TCOF1	NC_037334.1
MIR2461	+	61885747	61885828	MIR2461	NC_037334.1
LOC132345772	+	61938628	61945803	LOC132345772	NC_037334.1
MYOZ3	+	62030519	62047849	MYOZ3	NC_037334.1
LOC132345773	+	62064629	62066238	LOC132345773	NC_037334.1
SMIM3	+	62132825	62152734	SMIM3	NC_037334.1
LOC112447458	+	62207262	62211933	LOC112447458	NC_037334.1
LOC132345774	+	62540205	62561398	LOC132345774	NC_037334.1
BERV-K1	+	62720849	62722990	BERV-K1	NC_037334.1
LOC132345775	+	63715978	63958904	LOC132345775	NC_037334.1
GRIA1	+	64771727	65120614	GRIA1	NC_037334.1
LOC132345776	+	65178954	65194236	LOC132345776	NC_037334.1
LOC104969225	+	65274430	65296555	LOC104969225	NC_037334.1
MFAP3	+	65330433	65347501	MFAP3	NC_037334.1
SAP30L	+	65722021	65735762	SAP30L	NC_037334.1
LARP1	+	65952072	66013839	LARP1	NC_037334.1
MIR2285AH	+	65993836	65993914	MIR2285AH	NC_037334.1
CNOT8	+	66042162	66061078	CNOT8	NC_037334.1
MRPL22	+	66108778	66144330	MRPL22	NC_037334.1
LOC112447618	+	66163440	66163578	LOC112447618	NC_037334.1
LOC112447665	+	66431202	66431305	LOC112447665	NC_037334.1
SGCD	+	66907503	68024851	SGCD	NC_037334.1
LOC112447467	+	68297837	68335783	LOC112447467	NC_037334.1
LOC112447468	+	68453029	68472525	LOC112447468	NC_037334.1
ITK	+	68871861	68934055	ITK	NC_037334.1
CYFIP2	+	68943185	69077507	CYFIP2	NC_037334.1
NIPAL4	+	69081877	69117389	NIPAL4	NC_037334.1
THG1L	+	69320220	69327123	THG1L	NC_037334.1
LSM11	+	69328937	69743549	LSM11	NC_037334.1
LOC112447469	+	70695356	70706434	LOC112447469	NC_037334.1
UBLCP1	+	70851229	70871250	UBLCP1	NC_037334.1
ADRA1B	+	71501019	71562030	ADRA1B	NC_037334.1
LOC112447615	+	71676630	71676759	LOC112447615	NC_037334.1
MIR12012	+	71753563	71753614	MIR12012	NC_037334.1
TRNAG-CCC-73	+	71929543	71929615	TRNAG-CCC	NC_037334.1
LOC104968959	+	71948755	71962479	LOC104968959	NC_037334.1
PTTG1	+	72005966	72013593	PTTG1	NC_037334.1
LOC112447475	+	72024142	72049368	LOC112447475	NC_037334.1
MIR146A	+	72071548	72071646	MIR146A	NC_037334.1
LOC112447476	+	72272460	72288396	LOC112447476	NC_037334.1
LOC132345786	+	72358251	72360656	LOC132345786	NC_037334.1
LOC132345848	+	72924883	72926779	LOC132345848	NC_037334.1
LOC112447602	+	73124173	73124298	LOC112447602	NC_037334.1
GABRA6	+	73401202	73417558	GABRA6	NC_037334.1
GABRA1	+	73580597	73638552	GABRA1	NC_037334.1
GABRG2	+	73772128	73901451	GABRG2	NC_037334.1
LOC101904573	+	74820008	74820793	LOC101904573	NC_037334.1
CCNG1	+	75115945	75123209	CCNG1	NC_037334.1
MIR8549	+	77609486	77609560	MIR8549	NC_037334.1
LOC112447593	+	78074629	78074731	LOC112447593	NC_037334.1
LOC132345838	+	78121797	78828954	LOC132345838	NC_037334.1
LOC112447478	+	78906459	79333235	LOC112447478	NC_037334.1
LOC101905951	+	79108799	79109533	LOC101905951	NC_037334.1
TENM2	+	79540116	80302321	TENM2	NC_037334.1
TRNAG-CCC-74	+	80180074	80180146	TRNAG-CCC	NC_037334.1
WWC1	+	80336178	80503822	WWC1	NC_037334.1
MIR2462	+	80356568	80356636	MIR2462	NC_037334.1
RARS1	+	80503748	80532990	RARS1	NC_037334.1
ZFYVE16	+	80568767	80620456	ZFYVE16	NC_037334.1
FAM151B	+	80632983	80667080	FAM151B	NC_037334.1
LOC112447482	+	80693991	80732619	LOC112447482	NC_037334.1
MSH3	+	80748981	80931596	MSH3	NC_037334.1
RASGRF2	+	80980772	81246051	RASGRF2	NC_037334.1
ZCCHC9	+	81294847	81303353	ZCCHC9	NC_037334.1
LOC104968970	+	81353973	81365313	LOC104968970	NC_037334.1
MIR7691	+	81526133	81526199	MIR7691	NC_037334.1
LOC112447561	+	81749377	81752173	LOC112447561	NC_037334.1
ATG10	+	81936684	82229616	ATG10	NC_037334.1
ATP6AP1L	+	82240321	82260744	ATP6AP1L	NC_037334.1
LOC112447590	+	82781839	82781945	LOC112447590	NC_037334.1
COX7C	+	86288769	86290937	COX7C	NC_037334.1
LOC112447613	+	86290668	86290730	LOC112447613	NC_037334.1
RASA1	+	86925648	87035500	RASA1	NC_037334.1
TRNAC-GCA-88	+	87898526	87898597	TRNAC-GCA	NC_037334.1
LOC101904350	+	87928797	87970403	LOC101904350	NC_037334.1
LOC112447486	+	88792519	88848397	LOC112447486	NC_037334.1
TRNAY-AUA-12	+	89711528	89711600	TRNAY-AUA	NC_037334.1
POLR3G	+	90036807	90081679	POLR3G	NC_037334.1
ADGRV1	+	90126897	90668129	ADGRV1	NC_037334.1
TRNAH-AUG-6	+	90171821	90171893	TRNAH-AUG	NC_037334.1
LOC104972872	+	91186734	91234379	LOC104972872	NC_037334.1
LOC104968990	+	91318264	91338989	LOC104968990	NC_037334.1
LOC104968982	+	92433667	92444326	LOC104968982	NC_037334.1
NR2F1	+	93052305	93062131	NR2F1	NC_037334.1
SLF1	+	93950265	94018475	SLF1	NC_037334.1
TRNAS-GGA-48	+	94086522	94086593	TRNAS-GGA	NC_037334.1
FAM81B	+	94687293	94744876	FAM81B	NC_037334.1
ARSK	+	94867693	94922552	ARSK	NC_037334.1
GPR150	+	94936848	94938358	GPR150	NC_037334.1
RFESD	+	94964551	94974898	RFESD	NC_037334.1
RHOBTB3	+	95035944	95122204	RHOBTB3	NC_037334.1
LOC107132664	+	95286606	95686615	LOC107132664	NC_037334.1
LOC132345827	+	95876452	95896963	LOC132345827	NC_037334.1
LOC132345826	+	96203227	96205757	LOC132345826	NC_037334.1
ERAP2	+	96304261	96357081	ERAP2	NC_037334.1
LNPEP	+	96372304	96475051	LNPEP	NC_037334.1
LOC100296257	+	96505751	96531004	LOC100296257	NC_037334.1
RGMB	+	98006665	98035622	RGMB	NC_037334.1
LOC112447644	+	98049494	98049707	LOC112447644	NC_037334.1
LOC132345796	+	98301823	98362632	LOC132345796	NC_037334.1
TRNAC-ACA-76	+	99201366	99201437	TRNAC-ACA	NC_037334.1
LOC112447566	+	99346527	99486246	LOC112447566	NC_037334.1
FAM174A	+	99808416	99830680	FAM174A	NC_037334.1
LOC112447567	+	100275863	100457850	LOC112447567	NC_037334.1
PAM	+	101750589	102084447	PAM	NC_037334.1
MACIR	+	102267199	102290207	MACIR	NC_037334.1
LOC112447532	+	102851260	102851928	LOC112447532	NC_037334.1
LOC132345803	+	103190926	103231023	LOC132345803	NC_037334.1
LOC132345805	+	103342777	103381888	LOC132345805	NC_037334.1
TRNAC-ACA-77	+	106323982	106324053	TRNAC-ACA	NC_037334.1
LOC132345843	+	106839467	106843041	LOC132345843	NC_037334.1
FER	+	107827214	108284386	FER	NC_037334.1
TRNAG-CCC-75	+	108113737	108113809	TRNAG-CCC	NC_037334.1
TRNAC-ACA-78	+	108779411	108779482	TRNAC-ACA	NC_037334.1
MAN2A1	+	108795066	109005814	MAN2A1	NC_037334.1
MIR2285BV	+	108839651	108839704	MIR2285BV	NC_037334.1
LOC112447502	+	109172209	109314257	LOC112447502	NC_037334.1
TSLP	+	110104953	110109577	TSLP	NC_037334.1
CAMK4	+	110295786	110576069	CAMK4	NC_037334.1
MFSD14B	+	244437	374872	MFSD14B	NC_037335.1
PALLD	+	702641	1068995	PALLD	NC_037335.1
LOC615521	+	1692075	1693395	LOC615521	NC_037335.1
GALNTL6	+	3940092	5482560	GALNTL6	NC_037335.1
TRNAG-CCC-76	+	5360726	5360798	TRNAG-CCC	NC_037335.1
LOC112447869	+	5548172	5558121	LOC112447869	NC_037335.1
GALNT7	+	5591809	5727829	GALNT7	NC_037335.1
SAP30	+	5761879	5766825	SAP30	NC_037335.1
LOC132345912	+	5775382	5864804	LOC132345912	NC_037335.1
LOC781304	+	5901436	5909783	LOC781304	NC_037335.1
LOC112447766	+	5917038	6026392	LOC112447766	NC_037335.1
LOC112447900	+	6278826	6278930	LOC112447900	NC_037335.1
LOC132345915	+	6283413	6349106	LOC132345915	NC_037335.1
CEP44	+	6595597	6634649	CEP44	NC_037335.1
LOC101907004	+	6743720	6763225	LOC101907004	NC_037335.1
ADAM29	+	7213026	7235160	ADAM29	NC_037335.1
LOC782699	+	7257669	7260130	LOC782699	NC_037335.1
LOC112447767	+	7282848	7289573	LOC112447767	NC_037335.1
LOC789032	+	7323952	7332155	LOC789032	NC_037335.1
TRNAC-GCA-89	+	7430900	7430971	TRNAC-GCA	NC_037335.1
LOC112447870	+	7449737	7456717	LOC112447870	NC_037335.1
DEFB134	+	7469677	7472430	DEFB134	NC_037335.1
DEFB136	+	7500149	7500901	DEFB136	NC_037335.1
CTSB	+	7566167	7587042	CTSB	NC_037335.1
FAM167A	+	7897310	7929037	FAM167A	NC_037335.1
LOC107132679	+	7971645	8000644	LOC107132679	NC_037335.1
PINX1	+	8476552	8542372	PINX1	NC_037335.1
SOX7	+	8558698	8565619	SOX7	NC_037335.1
PRSS51	+	8753893	8765229	PRSS51	NC_037335.1
LOC112447768	+	8772337	8783769	LOC112447768	NC_037335.1
LOC132345921	+	9298923	9305424	LOC132345921	NC_037335.1
INTS9	+	9840507	9967284	INTS9	NC_037335.1
FBXO16	+	10241809	10316186	FBXO16	NC_037335.1
ZNF395	+	10317467	10384035	ZNF395	NC_037335.1
SCARA5	+	10796560	10929735	SCARA5	NC_037335.1
PBK	+	10953326	10986288	PBK	NC_037335.1
CCDC25	+	11023031	11056222	CCDC25	NC_037335.1
CLU	+	11177133	11194505	CLU	NC_037335.1
TOPORS	+	11522024	11532925	TOPORS	NC_037335.1
RIGI	+	11523963	11605030	RIGI	NC_037335.1
TRNAC-ACA-80	+	11563252	11563323	TRNAC-ACA	NC_037335.1
TRNAC-ACA-81	+	12213936	12214007	TRNAC-ACA	NC_037335.1
MIR2285M-5	+	13182015	13182095	MIR2285M-5	NC_037335.1
LOC132346039	+	13633771	13681661	LOC132346039	NC_037335.1
LINGO2	+	14847692	16301630	LINGO2	NC_037335.1
MIR873	+	15215599	15215675	MIR873	NC_037335.1
LOC112447915	+	16457558	16457646	LOC112447915	NC_037335.1
C9orf72	+	16700281	16727059	C9orf72	NC_037335.1
MOB3B	+	16757228	16991635	MOB3B	NC_037335.1
EQTN	+	16990374	17004203	EQTN	NC_037335.1
LOC100335177	+	17004408	17048930	LOC100335177	NC_037335.1
LRRC19	+	17244023	17257138	LRRC19	NC_037335.1
PLAA	+	17280446	17320527	PLAA	NC_037335.1
CAAP1	+	17329791	17403934	CAAP1	NC_037335.1
TUSC1	+	18576120	18577727	TUSC1	NC_037335.1
IZUMO3	+	19634212	19637417	IZUMO3	NC_037335.1
LOC112447967	+	19955003	19955112	LOC112447967	NC_037335.1
ELAVL2	+	20303374	20444925	ELAVL2	NC_037335.1
LOC101905651	+	20608786	20620853	LOC101905651	NC_037335.1
LOC132345926	+	20637713	20652279	LOC132345926	NC_037335.1
LOC782525	+	21871133	21872595	LOC782525	NC_037335.1
CDKN2A	+	22096153	22121653	CDKN2A	NC_037335.1
LOC132345928	+	22127046	22195892	LOC132345928	NC_037335.1
IFNE	+	22471594	22546927	IFNE	NC_037335.1
MIR31	+	22502362	22502455	MIR31	NC_037335.1
KLHL9	+	22874270	22876801	KLHL9	NC_037335.1
LOC781778	+	22918161	22918748	LOC781778	NC_037335.1
LOC781853	+	22939281	22939950	LOC781853	NC_037335.1
IFNAC	+	22952006	22952644	IFNAC	NC_037335.1
LOC100298530	+	22963719	22964480	LOC100298530	NC_037335.1
LOC100298573	+	22973076	22974110	LOC100298573	NC_037335.1
IFNAA	+	22998897	22999558	IFNAA	NC_037335.1
LOC515953	+	23008074	23008781	LOC515953	NC_037335.1
LOC617135	+	23016318	23017448	LOC617135	NC_037335.1
LOC618859	+	23024584	23025343	LOC618859	NC_037335.1
LOC132345931	+	23029295	23029864	LOC132345931	NC_037335.1
LOC618985	+	23046011	23046743	LOC618985	NC_037335.1
IFNAH	+	23073831	23074401	IFNAH	NC_037335.1
LOC618943	+	23089984	23090600	LOC618943	NC_037335.1
LOC104968438	+	23102692	23103386	LOC104968438	NC_037335.1
LOC783912	+	23125755	23126479	LOC783912	NC_037335.1
LOC616977	+	23165953	23166802	LOC616977	NC_037335.1
LOC100848709	+	23190633	23192789	LOC100848709	NC_037335.1
LOC112447878	+	23198057	23200213	LOC112447878	NC_037335.1
LOC112447879	+	23201770	23203926	LOC112447879	NC_037335.1
LOC112441480	+	23205481	23207637	LOC112441480	NC_037335.1
LOC112447880	+	23209195	23211351	LOC112447880	NC_037335.1
LOC787343	+	23229222	23229983	LOC787343	NC_037335.1
LOC112441471	+	23235926	23237509	LOC112441471	NC_037335.1
LOC132345933	+	23237530	23243181	LOC132345933	NC_037335.1
IFNB1	+	23263785	23264421	IFNB1	NC_037335.1
LOC784525	+	23295686	23297272	LOC784525	NC_037335.1
LOC517016	+	23322717	23323353	LOC517016	NC_037335.1
HACD4	+	23375120	23404578	HACD4	NC_037335.1
MLLT3	+	23784620	24072709	MLLT3	NC_037335.1
LOC132345934	+	24109197	24229211	LOC132345934	NC_037335.1
LOC112447881	+	24296929	24336419	LOC112447881	NC_037335.1
SLC24A2	+	24530584	24821026	SLC24A2	NC_037335.1
TRNAC-GCA-90	+	24836015	24836086	TRNAC-GCA	NC_037335.1
RPS6	+	24916124	24920700	RPS6	NC_037335.1
LOC112447916	+	25172290	25172423	LOC112447916	NC_037335.1
LOC132345937	+	26836258	26844305	LOC132345937	NC_037335.1
LOC101907744	+	27246198	27272439	LOC101907744	NC_037335.1
TRNAS-GGA-51	+	28601059	28601130	TRNAS-GGA	NC_037335.1
LOC132345939	+	28647083	28654882	LOC132345939	NC_037335.1
TTC39B	+	28971734	29127789	TTC39B	NC_037335.1
FREM1	+	29274945	29455599	FREM1	NC_037335.1
CER1	+	29470797	29475836	CER1	NC_037335.1
TRNAH-GUG-15	+	29729058	29729129	TRNAH-GUG	NC_037335.1
NFIB	+	29851734	30108587	NFIB	NC_037335.1
TRNAE-UUC-50	+	29897929	29898001	TRNAE-UUC	NC_037335.1
MPDZ	+	31032791	31208083	MPDZ	NC_037335.1
LOC132345940	+	31210960	31218449	LOC132345940	NC_037335.1
GLDC	+	38219953	38308310	GLDC	NC_037335.1
LOC101902389	+	38422036	38424678	LOC101902389	NC_037335.1
KIAA2026	+	38681604	38791991	KIAA2026	NC_037335.1
ERMP1	+	38886928	38945211	ERMP1	NC_037335.1
LOC104969334	+	39117141	39220844	LOC104969334	NC_037335.1
PLGRKT	+	39280659	39316678	PLGRKT	NC_037335.1
INSL6	+	39351712	39362936	INSL6	NC_037335.1
TRNAG-UCC-45	+	39642393	39642465	TRNAG-UCC	NC_037335.1
AK3	+	39797153	39819493	AK3	NC_037335.1
LOC101903733	+	40028972	40134030	LOC101903733	NC_037335.1
GLIS3	+	40192993	40697970	GLIS3	NC_037335.1
MIR2470	+	40620793	40620866	MIR2470	NC_037335.1
LOC132345950	+	41777230	42064259	LOC132345950	NC_037335.1
LOC132345951	+	42176657	42184183	LOC132345951	NC_037335.1
LOC100300256	+	42252219	42254235	LOC100300256	NC_037335.1
TRNAC-ACA-83	+	42444800	42444871	TRNAC-ACA	NC_037335.1
LOC132345952	+	42916166	42925060	LOC132345952	NC_037335.1
LOC132345954	+	44037066	44040559	LOC132345954	NC_037335.1
LOC112447884	+	44276738	44285407	LOC112447884	NC_037335.1
PGM5	+	44403368	44612837	PGM5	NC_037335.1
LOC132345955	+	44677512	44799563	LOC132345955	NC_037335.1
FXN	+	45222654	45244976	FXN	NC_037335.1
TJP2	+	45314360	45413180	TJP2	NC_037335.1
ENTREP1	+	45455780	45532463	ENTREP1	NC_037335.1
CFAP95	+	45894527	46053410	CFAP95	NC_037335.1
MAMDC2	+	46234138	46397343	MAMDC2	NC_037335.1
SMC5	+	46411440	46529414	SMC5	NC_037335.1
MIR2285I	+	46642180	46642257	MIR2285I	NC_037335.1
LOC112447801	+	46786303	46802695	LOC112447801	NC_037335.1
C8H9orf85	+	48157871	48219796	C8H9orf85	NC_037335.1
GDA	+	48359388	48486742	GDA	NC_037335.1
TMC1	+	48890505	49006479	TMC1	NC_037335.1
LOC785403	+	49166205	49214112	LOC785403	NC_037335.1
ANXA1	+	49321701	49339582	ANXA1	NC_037335.1
RORB	+	50559389	50770393	RORB	NC_037335.1
LOC112447924	+	50667933	50668002	LOC112447924	NC_037335.1
LOC112447926	+	50952542	50952621	LOC112447926	NC_037335.1
OSTF1	+	51153901	51215016	OSTF1	NC_037335.1
PCSK5	+	51911526	52431148	PCSK5	NC_037335.1
FOXB2	+	53063798	53065420	FOXB2	NC_037335.1
VPS13A	+	53179277	53455681	VPS13A	NC_037335.1
LOC132346031	+	53688104	53700496	LOC132346031	NC_037335.1
PSAT1	+	54216912	54245206	PSAT1	NC_037335.1
LOC132346044	+	54662851	54665445	LOC132346044	NC_037335.1
LOC782251	+	57833462	57839539	LOC782251	NC_037335.1
PHF24	+	59245608	59270307	PHF24	NC_037335.1
C8H9orf131	+	59313944	59318157	C8H9orf131	NC_037335.1
UNC13B	+	59387022	59599750	UNC13B	NC_037335.1
LOC516849	+	59599839	59710579	LOC516849	NC_037335.1
RUSC2	+	59723636	59785507	RUSC2	NC_037335.1
CCDC107	+	59833710	59836258	CCDC107	NC_037335.1
CA9	+	59847734	59855519	CA9	NC_037335.1
MIR12021	+	59867623	59867679	MIR12021	NC_037335.1
CREB3	+	59901723	59905914	CREB3	NC_037335.1
NPR2	+	59956172	59974871	NPR2	NC_037335.1
HRCT1	+	60215126	60221465	HRCT1	NC_037335.1
SPAAR	+	60219146	60221465	SPAAR	NC_037335.1
OR13C7J	+	60306438	60307397	OR13C7J	NC_037335.1
RECK	+	60329734	60409788	RECK	NC_037335.1
LOC112447928	+	60371532	60371650	LOC112447928	NC_037335.1
GLIPR2	+	60422589	60441458	GLIPR2	NC_037335.1
CCIN	+	60446309	60448254	CCIN	NC_037335.1
CLTA	+	60474071	60491845	CLTA	NC_037335.1
LOC112447912	+	60550350	60550481	LOC112447912	NC_037335.1
LOC132345963	+	60727978	60750314	LOC132345963	NC_037335.1
MELK	+	60759905	60848419	MELK	NC_037335.1
ZCCHC7	+	61209438	61489033	ZCCHC7	NC_037335.1
GRHPR	+	61555137	61564033	GRHPR	NC_037335.1
LOC112447954	+	61581530	61581636	LOC112447954	NC_037335.1
FRMPD1	+	61755976	61865028	FRMPD1	NC_037335.1
TRMT10B	+	61868912	61881794	TRMT10B	NC_037335.1
LOC514189	+	61888146	61909431	LOC514189	NC_037335.1
DCAF10	+	61910773	61977503	DCAF10	NC_037335.1
LOC132345964	+	62086053	62088312	LOC132345964	NC_037335.1
LOC101904753	+	62264134	62265185	LOC101904753	NC_037335.1
ALDH1B1	+	62431536	62436971	ALDH1B1	NC_037335.1
LOC507550	+	62476435	62519947	LOC507550	NC_037335.1
CCDC180	+	62536203	62593188	CCDC180	NC_037335.1
TDRD7	+	62612982	62717026	TDRD7	NC_037335.1
TMOD1	+	62722985	62812715	TMOD1	NC_037335.1
TRNAG-CCC-79	+	62968319	62968391	TRNAG-CCC	NC_037335.1
FOXE1	+	63052019	63055045	FOXE1	NC_037335.1
LOC132345966	+	63358022	63394174	LOC132345966	NC_037335.1
TGFBR1	+	64107433	64182858	TGFBR1	NC_037335.1
SEC61B	+	64260374	64268676	SEC61B	NC_037335.1
NR4A3	+	64872286	64914679	NR4A3	NC_037335.1
STX17	+	64953210	65041535	STX17	NC_037335.1
LOC112447813	+	65401451	65409738	LOC112447813	NC_037335.1
LOC101902217	+	65424260	65434567	LOC101902217	NC_037335.1
LOC132345909	+	65542331	65542970	LOC132345909	NC_037335.1
LOC100297540	+	65593058	65625280	LOC100297540	NC_037335.1
LOC112447815	+	65672874	65674617	LOC112447815	NC_037335.1
LOC112447902	+	66273286	66273389	LOC112447902	NC_037335.1
LOC112447816	+	66775735	66785306	LOC112447816	NC_037335.1
LPL	+	66989665	67016694	LPL	NC_037335.1
ATP6V1B2	+	67302895	67329012	ATP6V1B2	NC_037335.1
LOC132346046	+	67788581	67790614	LOC132346046	NC_037335.1
LOC786417	+	67827886	67830536	LOC786417	NC_037335.1
TRNAC-GCA-93	+	67859518	67859589	TRNAC-GCA	NC_037335.1
LOC112447755	+	68402418	68484885	LOC112447755	NC_037335.1
LOC112447888	+	68564119	68566940	LOC112447888	NC_037335.1
XPO7	+	69236512	69327601	XPO7	NC_037335.1
TRNAW-CCA-49	+	69260686	69260757	TRNAW-CCA	NC_037335.1
FGF17	+	69353813	69363004	FGF17	NC_037335.1
DMTN	+	69371360	69395242	DMTN	NC_037335.1
SFTPC	+	69471143	69477940	SFTPC	NC_037335.1
BMP1	+	69478642	69526082	BMP1	NC_037335.1
POLR3D	+	69558207	69564548	POLR3D	NC_037335.1
PIWIL2	+	69589139	69671200	PIWIL2	NC_037335.1
SLC39A14	+	69680227	69731753	SLC39A14	NC_037335.1
PPP3CC	+	69755868	69835898	PPP3CC	NC_037335.1
PDLIM2	+	69882167	69895316	PDLIM2	NC_037335.1
C8H8orf58	+	69899578	69906961	C8H8orf58	NC_037335.1
LOC112447756	+	70292220	70302246	LOC112447756	NC_037335.1
RHOBTB2	+	70302363	70317721	RHOBTB2	NC_037335.1
LOC112447920	+	70482852	70482987	LOC112447920	NC_037335.1
LOC523756	+	70670484	70711535	LOC523756	NC_037335.1
LOC132345973	+	71012409	71047330	LOC132345973	NC_037335.1
NEFM	+	72181225	72186703	NEFM	NC_037335.1
LOC112447960	+	72400784	72400887	LOC112447960	NC_037335.1
DOCK5	+	72443588	72724236	DOCK5	NC_037335.1
MIR2285AE	+	72644184	72644244	MIR2285AE	NC_037335.1
CDCA2	+	72822379	72865586	CDCA2	NC_037335.1
LOC112447909	+	73372401	73372507	LOC112447909	NC_037335.1
MIR2898	+	73387174	73387250	MIR2898	NC_037335.1
LOC104969415	+	73448295	73454706	LOC104969415	NC_037335.1
TRNAW-CCA-50	+	73448651	73448722	TRNAW-CCA	NC_037335.1
PPP2R2A	+	73542117	73620437	PPP2R2A	NC_037335.1
DPYSL2	+	73756755	73875381	DPYSL2	NC_037335.1
EPHX2	+	74590979	74662152	EPHX2	NC_037335.1
TRNAR-ACG-11	+	74620841	74620913	TRNAR-ACG	NC_037335.1
LOC781381	+	74632113	74632908	LOC781381	NC_037335.1
LOC132345911	+	74721216	74723782	LOC132345911	NC_037335.1
LOC132345978	+	74807110	74810155	LOC132345978	NC_037335.1
SPINK4	+	75010301	75017082	SPINK4	NC_037335.1
CHMP5	+	75033192	75047112	CHMP5	NC_037335.1
NFX1	+	75058125	75124501	NFX1	NC_037335.1
UBE2R2	+	75237019	75332492	UBE2R2	NC_037335.1
LOC132345980	+	75237682	75278234	LOC132345980	NC_037335.1
UBAP1	+	75580436	75650402	UBAP1	NC_037335.1
NUDT2	+	75724416	75735276	NUDT2	NC_037335.1
DNAI1	+	75826629	75895209	DNAI1	NC_037335.1
GALT	+	76012657	76016118	GALT	NC_037335.1
IL11RA	+	76017709	76027361	IL11RA	NC_037335.1
LOC104969408	+	76031782	76064386	LOC104969408	NC_037335.1
LOC132345982	+	76158972	76167835	LOC132345982	NC_037335.1
MIR2285BR	+	76276272	76276331	MIR2285BR	NC_037335.1
LOC112447824	+	76385701	76495262	LOC112447824	NC_037335.1
IDNK	+	76834260	76850325	IDNK	NC_037335.1
LOC132345983	+	76955867	76971939	LOC132345983	NC_037335.1
LOC112447826	+	77065663	77096420	LOC112447826	NC_037335.1
RMI1	+	77229773	77249516	RMI1	NC_037335.1
LOC112447890	+	78748075	78753715	LOC112447890	NC_037335.1
NAA35	+	79167734	79255810	NAA35	NC_037335.1
LOC104969425	+	80133417	80207113	LOC104969425	NC_037335.1
TRNAY-AUA-15	+	80675371	80675443	TRNAY-AUA	NC_037335.1
DAPK1	+	80711099	80921087	DAPK1	NC_037335.1
CTSL	+	80974643	80980416	CTSL	NC_037335.1
AOPEP	+	81197356	81619574	AOPEP	NC_037335.1
MIR2475	+	81616371	81616441	MIR2475	NC_037335.1
MIR23B	+	81617032	81617091	MIR23B	NC_037335.1
MIR27B	+	81617240	81617336	MIR27B	NC_037335.1
MIR24-1	+	81617794	81617861	MIR24-1	NC_037335.1
LOC107132716	+	82408400	82421898	LOC107132716	NC_037335.1
ERCC6L2	+	82557951	82712965	ERCC6L2	NC_037335.1
LOC112447829	+	82867206	82896765	LOC112447829	NC_037335.1
LOC100140121	+	83114807	83118443	LOC100140121	NC_037335.1
LOC132345989	+	83327045	83330409	LOC132345989	NC_037335.1
LOC112447830	+	83726170	83730576	LOC112447830	NC_037335.1
CENPP	+	83951574	84187170	CENPP	NC_037335.1
FGD3	+	84356368	84420638	FGD3	NC_037335.1
SUSD3	+	84444827	84464551	SUSD3	NC_037335.1
CARD19	+	84481914	84497353	CARD19	NC_037335.1
WNK2	+	84552351	84699277	WNK2	NC_037335.1
FAM120A	+	84768561	84884521	FAM120A	NC_037335.1
PHF2	+	84898798	84991713	PHF2	NC_037335.1
LOC101907579	+	85145934	85146299	LOC101907579	NC_037335.1
PTPDC1	+	85312711	85387047	PTPDC1	NC_037335.1
MIRLET7A-1	+	85450397	85450476	MIRLET7A-1	NC_037335.1
MIRLET7F-1	+	85450750	85450836	MIRLET7F-1	NC_037335.1
MIRLET7D	+	85452957	85453043	MIRLET7D	NC_037335.1
ZNF169	+	85484398	85540893	ZNF169	NC_037335.1
LOC101907893	+	85562966	85576752	LOC101907893	NC_037335.1
LOC100141230	+	85600908	85606248	LOC100141230	NC_037335.1
LOC132345993	+	85614344	85637382	LOC132345993	NC_037335.1
SPTLC1	+	85780390	85846086	SPTLC1	NC_037335.1
ROR2	+	85905286	86141522	ROR2	NC_037335.1
NFIL3	+	86436365	86450406	NFIL3	NC_037335.1
AUH	+	86503979	86686694	AUH	NC_037335.1
DIRAS2	+	87226523	87261139	DIRAS2	NC_037335.1
SEMA4D	+	88627169	88753672	SEMA4D	NC_037335.1
CDK20	+	90058696	90067693	CDK20	NC_037335.1
LOC528919	+	90070232	90104569	LOC528919	NC_037335.1
TRNAW-CCA-51	+	90083822	90083893	TRNAW-CCA	NC_037335.1
LOC617539	+	90154587	90166010	LOC617539	NC_037335.1
MSANTD3	+	90183623	90221580	MSANTD3	NC_037335.1
TMEFF1	+	90238899	90335493	TMEFF1	NC_037335.1
CAVIN4	+	90335228	90348580	CAVIN4	NC_037335.1
PLPPR1	+	90443062	91044864	PLPPR1	NC_037335.1
RNF20	+	91276959	91302627	RNF20	NC_037335.1
LOC132345999	+	91306571	91311797	LOC132345999	NC_037335.1
SMC2	+	93705318	93756197	SMC2	NC_037335.1
TOPORSL	+	93891099	93895284	TOPORSL	NC_037335.1
OR13F1	+	94103682	94104623	OR13F1	NC_037335.1
OR13D2	+	94282767	94283720	OR13D2	NC_037335.1
OR13D2C	+	94408039	94410172	OR13D2C	NC_037335.1
OR13C8	+	94432723	94433685	OR13C8	NC_037335.1
FSD1L	+	95268313	95341344	FSD1L	NC_037335.1
TAL2	+	95436572	95454751	TAL2	NC_037335.1
TMEM38B	+	95481976	95541956	TMEM38B	NC_037335.1
ZNF462	+	96603276	96760576	ZNF462	NC_037335.1
RAD23B	+	97013132	97057377	RAD23B	NC_037335.1
LOC107132732	+	97216879	97272053	LOC107132732	NC_037335.1
LOC132346002	+	97310919	97354718	LOC132346002	NC_037335.1
LOC112447955	+	98008208	98008315	LOC112447955	NC_037335.1
TRNAE-UUC-52	+	98086790	98086860	TRNAE-UUC	NC_037335.1
LOC132346004	+	98400602	98401773	LOC132346004	NC_037335.1
LOC112447837	+	98424153	98437971	LOC112447837	NC_037335.1
ACTL7A	+	98466288	98467808	ACTL7A	NC_037335.1
TRNAR-CCG-2	+	98693726	98693798	TRNAR-CCG	NC_037335.1
PALM2	+	99341989	99721951	PALM2	NC_037335.1
LOC112447838	+	100519478	100524870	LOC112447838	NC_037335.1
ZNF483	+	100933071	100951300	ZNF483	NC_037335.1
LOC132346008	+	101139817	101203356	LOC132346008	NC_037335.1
MIR7863	+	101253105	101253161	MIR7863	NC_037335.1
UGCG	+	101283115	101320033	UGCG	NC_037335.1
LOC132346010	+	101346062	101359014	LOC132346010	NC_037335.1
HSDL2	+	101747747	101808126	HSDL2	NC_037335.1
SNX30	+	102004576	102108791	SNX30	NC_037335.1
LOC783399	+	102232689	102238714	LOC783399	NC_037335.1
SLC31A2	+	102402632	102411017	SLC31A2	NC_037335.1
PRPF4	+	102517293	102538055	PRPF4	NC_037335.1
LOC104969449	+	102550921	102564821	LOC104969449	NC_037335.1
BSPRY	+	102605178	102629728	BSPRY	NC_037335.1
RGS3	+	102677355	102832522	RGS3	NC_037335.1
ZNF618	+	103087358	103292241	ZNF618	NC_037335.1
COL27A1	+	103383781	103537042	COL27A1	NC_037335.1
MIR455	+	103437398	103437486	MIR455	NC_037335.1
ORM1	+	103550934	103554404	ORM1	NC_037335.1
ATP6V1G1	+	103783362	103792352	ATP6V1G1	NC_037335.1
TMEM268	+	103800429	103827733	TMEM268	NC_037335.1
LOC132346013	+	103897072	103988471	LOC132346013	NC_037335.1
LOC107132740	+	104091177	104137175	LOC107132740	NC_037335.1
LOC101908167	+	104156768	104173518	LOC101908167	NC_037335.1
LOC112447848	+	104191618	104208984	LOC112447848	NC_037335.1
LOC132346016	+	104300355	104308769	LOC132346016	NC_037335.1
LOC132346017	+	104592028	104617715	LOC132346017	NC_037335.1
LOC104969460	+	104972003	104973806	LOC104969460	NC_037335.1
LOC132346052	+	105160531	105221882	LOC132346052	NC_037335.1
LOC132346018	+	105242711	105285218	LOC132346018	NC_037335.1
PAPPA	+	105351475	105618143	PAPPA	NC_037335.1
LOC112447849	+	106378776	106381111	LOC112447849	NC_037335.1
TLR4	+	107057826	107068837	TLR4	NC_037335.1
TRNAC-GCA-97	+	107510899	107510970	TRNAC-GCA	NC_037335.1
B3GALT9	+	110190798	110194509	B3GALT9	NC_037335.1
GSN	+	110672965	110733958	GSN	NC_037335.1
LOC101906903	+	110772885	110842618	LOC101906903	NC_037335.1
ADI1	+	111039144	111045469	ADI1	NC_037335.1
LOC112447851	+	111047285	111052878	LOC112447851	NC_037335.1
LOC112447932	+	111080910	111081014	LOC112447932	NC_037335.1
EIPR1	+	111093400	111160549	EIPR1	NC_037335.1
LOC107133158	+	111477155	111481512	LOC107133158	NC_037335.1
MYT1L	+	111666384	112087409	MYT1L	NC_037335.1
LOC132346026	+	112007570	112023444	LOC132346026	NC_037335.1
TMEM18	+	112473017	112477327	TMEM18	NC_037335.1
LOC101903368	+	112488092	112504249	LOC101903368	NC_037335.1
ALKAL2	+	112739438	112749184	ALKAL2	NC_037335.1
SH3YL1	+	112763769	112825614	SH3YL1	NC_037335.1
FAM110C	+	112917877	112928082	FAM110C	NC_037335.1
LOC100848863	+	112954781	112970167	LOC100848863	NC_037335.1
LOC132342128	+	13810	16395	LOC132342128	NC_037336.1
LOC100336757	+	22420	41928	LOC100336757	NC_037336.1
OR4P45	+	177513	179292	OR4P45	NC_037336.1
OR5D65	+	220061	221002	OR5D65	NC_037336.1
LOC112448189	+	344280	344386	LOC112448189	NC_037336.1
TRNAS-GGA-53	+	396430	396501	TRNAS-GGA	NC_037336.1
MIR11987	+	7283003	7283090	MIR11987	NC_037336.1
ADGRB3	+	7360731	8247222	ADGRB3	NC_037336.1
LOC523702	+	9482757	9486430	LOC523702	NC_037336.1
FAM135A	+	9518010	9674665	FAM135A	NC_037336.1
SDHAF4	+	9683364	9713990	SDHAF4	NC_037336.1
LOC132346194	+	9728505	9738295	LOC132346194	NC_037336.1
SMAP1	+	9785188	9975020	SMAP1	NC_037336.1
TRNAW-CCA-52	+	9958641	9958712	TRNAW-CCA	NC_037336.1
LOC112448118	+	10136617	10159004	LOC112448118	NC_037336.1
OGFRL1	+	10397772	10419397	OGFRL1	NC_037336.1
LOC107132752	+	10612971	10630447	LOC107132752	NC_037336.1
LOC132342140	+	11089896	11360252	LOC132342140	NC_037336.1
RIMS1	+	11448246	11697445	RIMS1	NC_037336.1
LOC132346166	+	11832147	11839962	LOC132346166	NC_037336.1
LOC112448016	+	12061085	12136951	LOC112448016	NC_037336.1
DDX43	+	12777509	12804063	DDX43	NC_037336.1
LOC132346195	+	12805301	12814190	LOC132346195	NC_037336.1
MTO1	+	12969732	13000037	MTO1	NC_037336.1
TRNAR-UCU-9	+	12990530	12990602	TRNAR-UCU	NC_037336.1
CD109	+	13201883	13336581	CD109	NC_037336.1
LOC132346197	+	14838765	14846713	LOC132346197	NC_037336.1
LOC132346198	+	14919456	14926144	LOC132346198	NC_037336.1
SENP6	+	15242164	15385807	SENP6	NC_037336.1
LOC112448206	+	15308733	15308837	LOC112448206	NC_037336.1
MYO6	+	15397803	15556632	MYO6	NC_037336.1
TRNAG-CCC-81	+	16249331	16249403	TRNAG-CCC	NC_037336.1
MEI4	+	17337638	17596503	MEI4	NC_037336.1
LOC132346201	+	18568177	18576210	LOC132346201	NC_037336.1
LOC101903793	+	18646856	18752269	LOC101903793	NC_037336.1
TRNAR-CCU-14	+	18730885	18730957	TRNAR-CCU	NC_037336.1
TTK	+	19702363	19752319	TTK	NC_037336.1
LOC132346204	+	20462703	20525646	LOC132346204	NC_037336.1
LOC104972971	+	21232843	21255135	LOC104972971	NC_037336.1
LOC107132757	+	21512754	21767029	LOC107132757	NC_037336.1
LOC132346206	+	22092467	22101150	LOC132346206	NC_037336.1
TPBG	+	22190016	22193136	TPBG	NC_037336.1
PRSS35	+	23440019	23459196	PRSS35	NC_037336.1
MTCL3	+	23781218	23829745	MTCL3	NC_037336.1
ECHDC1	+	23947553	24000911	ECHDC1	NC_037336.1
LOC132346168	+	24211563	24215266	LOC132346168	NC_037336.1
MIR2284O	+	25151060	25151120	MIR2284O	NC_037336.1
LOC132346207	+	25370322	25396088	LOC132346207	NC_037336.1
HDDC2	+	25960234	25979949	HDDC2	NC_037336.1
MIR2477	+	25978526	25978597	MIR2477	NC_037336.1
TRNAG-GCC-15	+	26153657	26153729	TRNAG-GCC	NC_037336.1
LOC132346209	+	26236459	26246060	LOC132346209	NC_037336.1
LOC101909028	+	28470729	28513388	LOC101909028	NC_037336.1
SERINC1	+	28722620	28756274	SERINC1	NC_037336.1
TBC1D32	+	29816005	30023496	TBC1D32	NC_037336.1
MIR12063	+	29836295	29836376	MIR12063	NC_037336.1
MAN1A1	+	31675672	31849229	MAN1A1	NC_037336.1
FAM184A	+	31953220	32076963	FAM184A	NC_037336.1
MCM9	+	32099979	32226588	MCM9	NC_037336.1
GOPC	+	33189369	33229414	GOPC	NC_037336.1
ROS1	+	33363976	33482303	ROS1	NC_037336.1
TRNAC-ACA-91	+	33483692	33483764	TRNAC-ACA	NC_037336.1
GPRC6A	+	33817050	33838779	GPRC6A	NC_037336.1
FAM162B	+	33860271	33872682	FAM162B	NC_037336.1
ZUP1	+	33924582	33949380	ZUP1	NC_037336.1
TRAPPC3L	+	34181526	34220156	TRAPPC3L	NC_037336.1
TSPYL1	+	34430224	34433483	TSPYL1	NC_037336.1
TSPYL4	+	34447805	34451911	TSPYL4	NC_037336.1
TRNAS-GGA-54	+	34495040	34495112	TRNAS-GGA	NC_037336.1
COL10A1	+	34539788	34547373	COL10A1	NC_037336.1
FRK	+	34593173	34697558	FRK	NC_037336.1
LOC132346170	+	35081574	35129444	LOC132346170	NC_037336.1
HS3ST5	+	36081145	36374615	HS3ST5	NC_037336.1
HDAC2	+	36449623	36484815	HDAC2	NC_037336.1
LOC132346221	+	36647975	36650377	LOC132346221	NC_037336.1
MIR2479	+	37041903	37041975	MIR2479	NC_037336.1
LOC132346222	+	37467037	37488754	LOC132346222	NC_037336.1
LAMA4	+	38176073	38331079	LAMA4	NC_037336.1
TUBE1	+	38345743	38366634	TUBE1	NC_037336.1
FYN	+	38568874	38780960	FYN	NC_037336.1
TRAF3IP2	+	38820062	38864694	TRAF3IP2	NC_037336.1
REV3L	+	38930097	39108208	REV3L	NC_037336.1
MIR6536-1	+	38958095	38958175	MIR6536-1	NC_037336.1
LOC132346161	+	39148401	39190154	LOC132346161	NC_037336.1
TRNAE-CUC-13	+	39205074	39205146	TRNAE-CUC	NC_037336.1
CDK19	+	39477920	39647687	CDK19	NC_037336.1
SLC22A16	+	39753094	39788298	SLC22A16	NC_037336.1
DDO	+	39796362	39813956	DDO	NC_037336.1
WASF1	+	40037453	40108398	WASF1	NC_037336.1
AK9	+	40559614	40676462	AK9	NC_037336.1
ZBTB24	+	40681585	40690450	ZBTB24	NC_037336.1
PPIL6	+	40714142	40751881	PPIL6	NC_037336.1
CD164	+	40759545	40772112	CD164	NC_037336.1
LOC132346099	+	40807285	40817666	LOC132346099	NC_037336.1
TRNAC-GCA-101	+	41157216	41157287	TRNAC-GCA	NC_037336.1
LOC112448045	+	42008100	42026955	LOC112448045	NC_037336.1
TRNAL-CAA-4	+	42040484	42040565	TRNAL-CAA	NC_037336.1
OSTM1	+	42052271	42095173	OSTM1	NC_037336.1
SCML4	+	42257572	42369442	SCML4	NC_037336.1
LOC104969545	+	42394901	42406590	LOC104969545	NC_037336.1
LOC112448046	+	42621687	42622391	LOC112448046	NC_037336.1
BEND3	+	42875729	42928671	BEND3	NC_037336.1
LOC132346103	+	43079842	43234032	LOC132346103	NC_037336.1
RTN4IP1	+	43329438	43381099	RTN4IP1	NC_037336.1
TRNAC-ACA-92	+	43577994	43578066	TRNAC-ACA	NC_037336.1
ATG5	+	43654734	43807560	ATG5	NC_037336.1
LOC132346107	+	44176640	44186208	LOC132346107	NC_037336.1
PREP	+	44576174	44708317	PREP	NC_037336.1
BVES	+	44880453	44931255	BVES	NC_037336.1
HACE1	+	45142768	45261156	HACE1	NC_037336.1
LOC132346109	+	45292775	45339904	LOC132346109	NC_037336.1
TRNAC-ACA-93	+	46108152	46108223	TRNAC-ACA	NC_037336.1
SIM1	+	49484782	49559196	SIM1	NC_037336.1
MCHR2	+	49910937	49948367	MCHR2	NC_037336.1
CCNC	+	50243963	50269733	CCNC	NC_037336.1
USP45	+	50282516	50355521	USP45	NC_037336.1
SFRS18	+	50346190	50362844	SFRS18	NC_037336.1
PNISR	+	50369882	50375033	PNISR	NC_037336.1
FAXC	+	50418626	50496585	FAXC	NC_037336.1
LOC132346173	+	50565088	50604584	LOC132346173	NC_037336.1
TRNAS-GGA-55	+	50740332	50740404	TRNAS-GGA	NC_037336.1
FBXL4	+	50809444	50885034	FBXL4	NC_037336.1
TRNAC-ACA-94	+	51940516	51940587	TRNAC-ACA	NC_037336.1
MMS22L	+	52495574	52622903	MMS22L	NC_037336.1
TRNAG-UCC-48	+	53282004	53282076	TRNAG-UCC	NC_037336.1
LOC107132770	+	53879747	53901155	LOC107132770	NC_037336.1
LOC112448132	+	54586153	54609406	LOC112448132	NC_037336.1
LOC112448185	+	55799976	55800082	LOC112448185	NC_037336.1
EPHA7	+	56751293	56961985	EPHA7	NC_037336.1
LOC132346177	+	59098073	59103548	LOC132346177	NC_037336.1
LOC132346111	+	59159777	59163788	LOC132346111	NC_037336.1
MAP3K7	+	59679731	59745675	MAP3K7	NC_037336.1
BACH2	+	59951938	60347310	BACH2	NC_037336.1
MDN1	+	60410266	60550409	MDN1	NC_037336.1
LYRM2	+	60553638	60555717	LYRM2	NC_037336.1
LOC132346113	+	60622191	60624305	LOC132346113	NC_037336.1
LOC132346114	+	60721494	60727092	LOC132346114	NC_037336.1
UBE2J1	+	60812716	60836960	UBE2J1	NC_037336.1
MIR2903	+	60812926	60813013	MIR2903	NC_037336.1
GABRR2	+	60845380	60885598	GABRR2	NC_037336.1
GABRR1	+	60913142	60947911	GABRR1	NC_037336.1
SRSF12	+	60999068	61025145	SRSF12	NC_037336.1
RNGTT	+	61102103	61335346	RNGTT	NC_037336.1
TRNAE-UUC-54	+	62152400	62152472	TRNAE-UUC	NC_037336.1
MIR2285DB	+	62192023	62192079	MIR2285DB	NC_037336.1
AKIRIN2	+	62239178	62262032	AKIRIN2	NC_037336.1
RARS2	+	62337299	62431365	RARS2	NC_037336.1
LOC112448190	+	63721248	63721354	LOC112448190	NC_037336.1
LOC100174924	+	63786974	63787981	LOC100174924	NC_037336.1
LOC112448165	+	63787225	63787294	LOC112448165	NC_037336.1
LOC112448164	+	63787520	63787589	LOC112448164	NC_037336.1
SNX14	+	63862802	63947017	SNX14	NC_037336.1
TBX18	+	64661942	64689761	TBX18	NC_037336.1
LOC132346118	+	64843802	64874374	LOC132346118	NC_037336.1
CEP162	+	65170397	65264315	CEP162	NC_037336.1
LOC112448202	+	66331761	66331868	LOC112448202	NC_037336.1
LOC112448194	+	66858134	66858239	LOC112448194	NC_037336.1
TRNAY-AUA-17	+	66886709	66886780	TRNAY-AUA	NC_037336.1
LAMA2	+	66989368	67689097	LAMA2	NC_037336.1
LOC104969589	+	68096370	68157296	LOC104969589	NC_037336.1
TMEM200A	+	68454108	68540626	TMEM200A	NC_037336.1
SMLR1	+	68925188	68934584	SMLR1	NC_037336.1
LOC132346224	+	69097518	69097663	LOC132346224	NC_037336.1
TRNAE-UUC-55	+	69198117	69198188	TRNAE-UUC	NC_037336.1
AKAP7	+	69202985	69325807	AKAP7	NC_037336.1
ARG1	+	69522090	69539079	ARG1	NC_037336.1
ENPP3	+	69599029	69687305	ENPP3	NC_037336.1
ENPP1	+	69748257	69821533	ENPP1	NC_037336.1
TAAR9	+	70475309	70476355	TAAR9	NC_037336.1
TAAR8	+	70490906	70492036	TAAR8	NC_037336.1
TAAR6	+	70511266	70512303	TAAR6	NC_037336.1
LOC785256	+	70533356	70534425	LOC785256	NC_037336.1
LOC100336507	+	70562130	70563269	LOC100336507	NC_037336.1
LOC785080	+	70571780	70573032	LOC785080	NC_037336.1
LOC613867	+	70580324	70581388	LOC613867	NC_037336.1
LOC785236	+	70591770	70592928	LOC785236	NC_037336.1
LOC782807	+	70693872	70694915	LOC782807	NC_037336.1
LOC101906317	+	70920488	70928888	LOC101906317	NC_037336.1
RPS12	+	70976878	70980384	RPS12	NC_037336.1
LOC112448162	+	70977616	70977688	LOC112448162	NC_037336.1
LOC112448169	+	70980039	70980168	LOC112448169	NC_037336.1
LOC132346180	+	71805713	71925612	LOC132346180	NC_037336.1
TCF21	+	72066865	72069838	TCF21	NC_037336.1
TBPL1	+	72109901	72151180	TBPL1	NC_037336.1
LOC112448063	+	72385630	72396075	LOC112448063	NC_037336.1
LOC786419	+	72661986	72662274	LOC786419	NC_037336.1
LOC112448065	+	72720663	72725945	LOC112448065	NC_037336.1
MYB	+	73222333	73257774	MYB	NC_037336.1
LOC101905977	+	73338799	73339351	LOC101905977	NC_037336.1
LOC112448068	+	74295075	74303782	LOC112448068	NC_037336.1
PEX7	+	74804982	74883620	PEX7	NC_037336.1
SLC35D3	+	74889556	74891824	SLC35D3	NC_037336.1
LOC112448140	+	75551278	75556116	LOC112448140	NC_037336.1
LOC104969604	+	75585726	75606279	LOC104969604	NC_037336.1
ARFGEF3	+	75965855	76140046	ARFGEF3	NC_037336.1
SMIM28	+	76173035	76189885	SMIM28	NC_037336.1
CCDC28A	+	76538617	76547183	CCDC28A	NC_037336.1
ECT2L	+	76548318	76638194	ECT2L	NC_037336.1
ABRACL	+	76758962	76774006	ABRACL	NC_037336.1
LOC107132781	+	77077320	77110878	LOC107132781	NC_037336.1
LOC132346127	+	77599270	77678314	LOC132346127	NC_037336.1
LOC104969614	+	78221670	78222015	LOC104969614	NC_037336.1
VTA1	+	79629610	79700323	VTA1	NC_037336.1
ADGRG6	+	79769686	79923190	ADGRG6	NC_037336.1
TRNAC-GCA-106	+	80011857	80011928	TRNAC-GCA	NC_037336.1
MIR2284AA-4	+	80151183	80151263	MIR2284AA-4	NC_037336.1
AIG1	+	80508429	80778023	AIG1	NC_037336.1
PHACTR2	+	80995459	81293339	PHACTR2	NC_037336.1
LTV1	+	81299627	81316081	LTV1	NC_037336.1
ZC2HC1B	+	81316656	81369864	ZC2HC1B	NC_037336.1
TRNAL-UAA-3	+	81592121	81592203	TRNAL-UAA	NC_037336.1
LOC100294980	+	82318823	82336701	LOC100294980	NC_037336.1
GRM1	+	83287291	83715752	GRM1	NC_037336.1
RAB32	+	83832388	83864091	RAB32	NC_037336.1
LOC101906837	+	83933036	83934511	LOC101906837	NC_037336.1
SAMD5	+	84831121	84972438	SAMD5	NC_037336.1
LOC112448074	+	85413960	85424647	LOC112448074	NC_037336.1
SASH1	+	85669986	85859700	SASH1	NC_037336.1
UST	+	86010318	86327448	UST	NC_037336.1
LOC132346133	+	86344487	86394808	LOC132346133	NC_037336.1
LOC132346134	+	86433488	86450638	LOC132346134	NC_037336.1
TAB2	+	86568519	86653594	TAB2	NC_037336.1
GINM1	+	86800230	86814842	GINM1	NC_037336.1
LOC132346135	+	86817172	86821630	LOC132346135	NC_037336.1
PCMT1	+	86919461	86962345	PCMT1	NC_037336.1
LOC132346136	+	87164031	87165491	LOC132346136	NC_037336.1
ULBP17	+	87170617	87183113	ULBP17	NC_037336.1
LOC132342095	+	87264155	87268296	LOC132342095	NC_037336.1
IYD	+	87469206	87509745	IYD	NC_037336.1
LOC100848331	+	87530881	87538041	LOC100848331	NC_037336.1
PLEKHG1	+	87717511	87966379	PLEKHG1	NC_037336.1
LOC112448160	+	87992376	87992510	LOC112448160	NC_037336.1
LOC101904510	+	88229237	88233341	LOC101904510	NC_037336.1
LOC104969623	+	88235467	88245188	LOC104969623	NC_037336.1
AKAP12	+	88291096	88403428	AKAP12	NC_037336.1
MIR2285E-2	+	88400413	88400485	MIR2285E-2	NC_037336.1
LOC132346138	+	89139500	89156776	LOC132346138	NC_037336.1
TRNAS-GGA-58	+	89570352	89570423	TRNAS-GGA	NC_037336.1
VIP	+	89713051	89721608	VIP	NC_037336.1
OPRM1	+	90804291	90860571	OPRM1	NC_037336.1
TRNAG-UCC-50	+	90826735	90826807	TRNAG-UCC	NC_037336.1
SCAF8	+	91411939	91633288	SCAF8	NC_037336.1
TIAM2	+	91634927	91871693	TIAM2	NC_037336.1
LOC132346141	+	91932650	91951967	LOC132346141	NC_037336.1
LOC112448086	+	93274298	93316071	LOC112448086	NC_037336.1
ARID1B	+	93404984	93845453	ARID1B	NC_037336.1
TRNAC-ACA-97	+	93712828	93712899	TRNAC-ACA	NC_037336.1
MIR2481	+	93861528	93861591	MIR2481	NC_037336.1
SNX9	+	94425008	94514721	SNX9	NC_037336.1
SYNJ2	+	94544427	94653073	SYNJ2	NC_037336.1
GTF2H5	+	94714818	94728878	GTF2H5	NC_037336.1
TULP4	+	94761533	94962886	TULP4	NC_037336.1
TMEM181	+	94983809	95047008	TMEM181	NC_037336.1
SYTL3	+	95059738	95155724	SYTL3	NC_037336.1
MIR12055	+	95202402	95202463	MIR12055	NC_037336.1
LOC107132793	+	95340172	95419533	LOC107132793	NC_037336.1
FNDC1	+	95479840	95591359	FNDC1	NC_037336.1
ACAT2	+	96029255	96046102	ACAT2	NC_037336.1
MRPL18	+	96056503	96061781	MRPL18	NC_037336.1
PNLDC1	+	96061869	96090957	PNLDC1	NC_037336.1
MAS1	+	96104437	96129729	MAS1	NC_037336.1
IGF2R	+	96197493	96300019	IGF2R	NC_037336.1
SLC22A1	+	96309306	96352834	SLC22A1	NC_037336.1
SLC22A3	+	96475868	96574595	SLC22A3	NC_037336.1
LOC112448109	+	96634864	96640784	LOC112448109	NC_037336.1
TRNAC-ACA-98	+	97951867	97951938	TRNAC-ACA	NC_037336.1
LOC132346164	+	98127120	98162441	LOC132346164	NC_037336.1
PACRG	+	98192792	98722758	PACRG	NC_037336.1
LOC782486	+	98319164	98319580	LOC782486	NC_037336.1
QKI	+	98820543	98980967	QKI	NC_037336.1
LOC101908046	+	99194407	99213933	LOC101908046	NC_037336.1
LOC112448090	+	99566249	99577167	LOC112448090	NC_037336.1
TRNAC-GCA-108	+	99655751	99655822	TRNAC-GCA	NC_037336.1
LOC100848504	+	99931630	99932934	LOC100848504	NC_037336.1
LOC112448146	+	100370678	100372869	LOC112448146	NC_037336.1
LOC132346147	+	100923812	100944981	LOC132346147	NC_037336.1
LOC132346148	+	101285266	101289499	LOC132346148	NC_037336.1
LOC101903545	+	101329891	101343651	LOC101903545	NC_037336.1
LOC132346149	+	101370420	101375651	LOC132346149	NC_037336.1
CEP43	+	101818075	101846459	CEP43	NC_037336.1
CCR6	+	101895500	101927725	CCR6	NC_037336.1
LOC132346151	+	101994201	101995385	LOC132346151	NC_037336.1
TRNAC-GCA-109	+	102153716	102153787	TRNAC-GCA	NC_037336.1
AFDN	+	102278638	102392275	AFDN	NC_037336.1
KIF25	+	102399234	102444707	KIF25	NC_037336.1
LOC101907159	+	102498165	102500489	LOC101907159	NC_037336.1
LOC132346154	+	103046970	103055251	LOC132346154	NC_037336.1
LOC132346155	+	103130343	103144705	LOC132346155	NC_037336.1
C9H6orf120	+	103492823	103495434	C9H6orf120	NC_037336.1
ERMARD	+	103535563	103577184	ERMARD	NC_037336.1
FAM120B	+	103945573	104057731	FAM120B	NC_037336.1
TBP	+	104093502	104106454	TBP	NC_037336.1
OR10D1M	+	104376183	104377115	OR10D1M	NC_037336.1
OR8B1Q	+	104440502	104441428	OR8B1Q	NC_037336.1
REEP5	+	1094713	1145331	REEP5	NC_037337.1
LOC132346321	+	1161498	1167261	LOC132346321	NC_037337.1
NREP	+	2212842	2245527	NREP	NC_037337.1
YTHDC2	+	2413565	2487286	YTHDC2	NC_037337.1
KCNN2	+	2933135	3428630	KCNN2	NC_037337.1
LOC104973018	+	4577494	4591360	LOC104973018	NC_037337.1
ARL14EPL	+	4933595	4966561	ARL14EPL	NC_037337.1
KIAA1191	+	5012262	5025732	KIAA1191	NC_037337.1
THOC3	+	5186072	5197306	THOC3	NC_037337.1
LOC132346324	+	5597380	5609766	LOC132346324	NC_037337.1
LOC112448589	+	6357871	6357976	LOC112448589	NC_037337.1
TRNAY-GUA-23	+	6736648	6736719	TRNAY-GUA	NC_037337.1
HMGCR	+	6764011	6784641	HMGCR	NC_037337.1
ANKDD1B	+	7008161	7082080	ANKDD1B	NC_037337.1
SV2C	+	7361751	7582393	SV2C	NC_037337.1
LOC101904831	+	7603262	7616534	LOC101904831	NC_037337.1
IQGAP2	+	7625493	7934449	IQGAP2	NC_037337.1
F2RL1	+	8022302	8031994	F2RL1	NC_037337.1
CRHBP	+	8104261	8118310	CRHBP	NC_037337.1
AGGF1	+	8176676	8223030	AGGF1	NC_037337.1
LOC107132813	+	8247331	8304166	LOC107132813	NC_037337.1
PDE8B	+	8336677	8591971	PDE8B	NC_037337.1
LOC512323	+	8952509	8953429	LOC512323	NC_037337.1
SCAMP1	+	9404040	9554746	SCAMP1	NC_037337.1
LOC132346300	+	9737438	9766912	LOC132346300	NC_037337.1
BHMT2	+	10142884	10173314	BHMT2	NC_037337.1
BHMT	+	10192234	10214796	BHMT	NC_037337.1
JMY	+	10305748	10387185	JMY	NC_037337.1
TRNAC-GCA-110	+	10343370	10343441	TRNAC-GCA	NC_037337.1
CMYA5	+	10675335	10773418	CMYA5	NC_037337.1
THBS4	+	10826387	11060139	THBS4	NC_037337.1
GNPNAT1	+	11392707	11406517	GNPNAT1	NC_037337.1
TXNDC16	+	11616278	11709098	TXNDC16	NC_037337.1
LOC132346327	+	11838144	11858885	LOC132346327	NC_037337.1
ANKDD1A	+	11870692	11894440	ANKDD1A	NC_037337.1
KBTBD13	+	12018593	12022280	KBTBD13	NC_037337.1
LOC132346328	+	12228256	12242323	LOC132346328	NC_037337.1
LOC112448637	+	12242073	12242188	LOC112448637	NC_037337.1
HACD3	+	12435921	12465847	HACD3	NC_037337.1
SLC24A1	+	12500898	12555043	SLC24A1	NC_037337.1
RAB11A	+	12743645	12762897	RAB11A	NC_037337.1
LOC112448592	+	12821564	12821670	LOC112448592	NC_037337.1
DIS3L	+	13201806	13234118	DIS3L	NC_037337.1
ZWILCH	+	13362382	13404845	ZWILCH	NC_037337.1
LOC112441475	+	13426222	13544878	LOC112441475	NC_037337.1
TRNAS-GGA-60	+	13572893	13572964	TRNAS-GGA	NC_037337.1
LOC107132820	+	13669874	13777420	LOC107132820	NC_037337.1
IQCH	+	14103228	14332781	IQCH	NC_037337.1
C10H15orf61	+	14357604	14362710	C10H15orf61	NC_037337.1
MAP2K5	+	14381829	14653187	MAP2K5	NC_037337.1
SKOR1	+	14671508	14680454	SKOR1	NC_037337.1
PIAS1	+	14905244	15033213	PIAS1	NC_037337.1
LOC132346332	+	15067483	15069503	LOC132346332	NC_037337.1
FEM1B	+	15106163	15118280	FEM1B	NC_037337.1
CORO2B	+	15418057	15567394	CORO2B	NC_037337.1
LOC132346333	+	15648384	15725524	LOC132346333	NC_037337.1
LOC112448378	+	15649620	15659540	LOC112448378	NC_037337.1
SPESP1	+	15763525	15791718	SPESP1	NC_037337.1
GLCE	+	16029561	16139218	GLCE	NC_037337.1
KIF23	+	16268506	16341972	KIF23	NC_037337.1
LOC104973058	+	16569133	16621990	LOC104973058	NC_037337.1
LOC132346336	+	17276974	17282902	LOC132346336	NC_037337.1
LOC132346338	+	17618209	17622104	LOC132346338	NC_037337.1
LRRC49	+	17737437	17895043	LRRC49	NC_037337.1
NR2E3	+	18653771	18659405	NR2E3	NC_037337.1
SENP8	+	19060301	19090348	SENP8	NC_037337.1
LOC132346341	+	19215627	19291892	LOC132346341	NC_037337.1
LOC132346342	+	19296334	19304993	LOC132346342	NC_037337.1
TMEM202	+	19312274	19328611	TMEM202	NC_037337.1
ARIH1	+	19367325	19475353	ARIH1	NC_037337.1
BBS4	+	19486133	19532116	BBS4	NC_037337.1
MIR12031	+	19520837	19520902	MIR12031	NC_037337.1
LOC112448646	+	19706194	19706300	LOC112448646	NC_037337.1
NEO1	+	19888628	20128317	NEO1	NC_037337.1
REC114	+	20189746	20373356	REC114	NC_037337.1
CD276	+	20482635	20522743	CD276	NC_037337.1
TBC1D21	+	20690548	20704230	TBC1D21	NC_037337.1
SDR39U1	+	20731347	20734733	SDR39U1	NC_037337.1
CBLN3	+	20744879	20749595	CBLN3	NC_037337.1
LOC101905010	+	20810479	20812230	LOC101905010	NC_037337.1
RIPK3	+	20832541	20836698	RIPK3	NC_037337.1
ADCY4	+	20837700	20853209	ADCY4	NC_037337.1
CIDEB	+	20862517	20865354	CIDEB	NC_037337.1
DHRS1	+	20871396	20884704	DHRS1	NC_037337.1
RABGGTA	+	20893324	20899745	RABGGTA	NC_037337.1
TGM1	+	20901176	20916718	TGM1	NC_037337.1
TINF2	+	20926557	20932423	TINF2	NC_037337.1
NEDD8	+	20936646	20945396	NEDD8	NC_037337.1
MDP1	+	20946293	20947793	MDP1	NC_037337.1
TM9SF1	+	20961168	20967166	TM9SF1	NC_037337.1
MIR11989	+	20965617	20965669	MIR11989	NC_037337.1
IPO4	+	20967440	20976591	IPO4	NC_037337.1
PSME2	+	21004530	21007790	PSME2	NC_037337.1
EMC9	+	21010393	21012735	EMC9	NC_037337.1
NRL	+	21054773	21060907	NRL	NC_037337.1
LOC132346287	+	21086392	21232753	LOC132346287	NC_037337.1
LOC112448390	+	21099178	21107444	LOC112448390	NC_037337.1
LOC132346286	+	21119020	21218546	LOC132346286	NC_037337.1
AP1G2	+	21381104	21389481	AP1G2	NC_037337.1
ZFHX2	+	21395245	21424373	ZFHX2	NC_037337.1
MYH7	+	21488782	21510518	MYH7	NC_037337.1
MIR208B	+	21505515	21505591	MIR208B	NC_037337.1
MIR208A	+	21534418	21534488	MIR208A	NC_037337.1
EFS	+	21559084	21569079	EFS	NC_037337.1
SLC22A17	+	21572364	21578564	SLC22A17	NC_037337.1
PPP1R3E	+	21607361	21614311	PPP1R3E	NC_037337.1
HOMEZ	+	21616559	21628635	HOMEZ	NC_037337.1
SLC7A8	+	21684152	21737239	SLC7A8	NC_037337.1
CEBPE	+	21743800	21745212	CEBPE	NC_037337.1
CIROP	+	21752690	21757290	CIROP	NC_037337.1
C10H14orf93	+	21839326	21858614	C10H14orf93	NC_037337.1
AJUBA	+	21862575	21872027	AJUBA	NC_037337.1
HAUS4	+	21886912	21896197	HAUS4	NC_037337.1
PRMT5	+	21915790	21923671	PRMT5	NC_037337.1
RBM23	+	21924903	21973074	RBM23	NC_037337.1
SLC7A7	+	21989650	22026918	SLC7A7	NC_037337.1
TRNAR-UCU-10	+	22186817	22186889	TRNAR-UCU	NC_037337.1
LOC786614	+	22194321	22195097	LOC786614	NC_037337.1
DAD1	+	22229562	22251343	DAD1	NC_037337.1
LOC132346295	+	22466436	22503394	LOC132346295	NC_037337.1
LOC132346293	+	22615602	22633825	LOC132346293	NC_037337.1
BVD1.15	+	22717436	22718205	BVD1.15	NC_037337.1
TCRA	+	22731265	22732345	TCRA	NC_037337.1
LOC112448402	+	22810149	22811284	LOC112448402	NC_037337.1
LOC767888	+	22819735	22821399	LOC767888	NC_037337.1
LOC107132836	+	22837366	22840072	LOC107132836	NC_037337.1
LOC107132829	+	23031472	23038431	LOC107132829	NC_037337.1
LOC107131332	+	23046024	23060504	LOC107131332	NC_037337.1
LOC104969863	+	23073556	23074599	LOC104969863	NC_037337.1
LOC132346292	+	23191643	23194938	LOC132346292	NC_037337.1
LOC100298434	+	23235303	23236061	LOC100298434	NC_037337.1
LOC407201	+	23258523	23259979	LOC407201	NC_037337.1
LOC107132832	+	23272052	23274278	LOC107132832	NC_037337.1
OR4E1	+	25534218	25535294	OR4E1	NC_037337.1
OR10G1	+	25581951	25582907	OR10G1	NC_037337.1
OR10G1C	+	25587007	25587963	OR10G1C	NC_037337.1
OR10G3	+	25598580	25599521	OR10G3	NC_037337.1
SALL2	+	25641299	25655396	SALL2	NC_037337.1
METTL3	+	25662315	25677144	METTL3	NC_037337.1
RAB2B	+	25693007	25710158	RAB2B	NC_037337.1
CHD8	+	25712397	25770778	CHD8	NC_037337.1
LOC112448609	+	25760558	25760667	LOC112448609	NC_037337.1
LOC112448610	+	25766152	25766260	LOC112448610	NC_037337.1
SUPT16H	+	25771978	25806673	SUPT16H	NC_037337.1
HNRNPC	+	25880966	25925728	HNRNPC	NC_037337.1
ZNF219	+	25986899	26001315	ZNF219	NC_037337.1
LOC104973100	+	26042832	26053597	LOC104973100	NC_037337.1
RNASE13	+	26064192	26071801	RNASE13	NC_037337.1
NDRG2	+	26078548	26087334	NDRG2	NC_037337.1
LOC517093	+	26200393	26202039	LOC517093	NC_037337.1
BRB	+	26256262	26257893	BRB	NC_037337.1
LOC282340	+	26356008	26357591	LOC282340	NC_037337.1
TRNAL-UAG	+	26437164	26437245	TRNAL-UAG	NC_037337.1
TRNAL-AAG-2	+	26438831	26438912	TRNAL-AAG	NC_037337.1
TRNAY-GUA-25	+	26442083	26442172	TRNAY-GUA	NC_037337.1
TRNAY-GUA-26	+	26442752	26442841	TRNAY-GUA	NC_037337.1
TRNAY-GUA-27	+	26445520	26445610	TRNAY-GUA	NC_037337.1
TRNAY-GUA-28	+	26447367	26447456	TRNAY-GUA	NC_037337.1
OR6S1	+	26459971	26461855	OR6S1	NC_037337.1
TRNAT-UGU-6	+	26468186	26468258	TRNAT-UGU	NC_037337.1
TRNAT-UGU-7	+	26481746	26481818	TRNAT-UGU	NC_037337.1
RNASE12	+	26484114	26506367	RNASE12	NC_037337.1
TRNAP-AGG-4	+	26484896	26484967	TRNAP-AGG	NC_037337.1
LOC104973102	+	26535000	26542590	LOC104973102	NC_037337.1
LOC112448429	+	26547805	26558348	LOC112448429	NC_037337.1
LOC132346354	+	26571494	26574044	LOC132346354	NC_037337.1
PIP4P1	+	26667249	26670812	PIP4P1	NC_037337.1
OSGEP	+	26673379	26680411	OSGEP	NC_037337.1
TEP1	+	26708069	26748582	TEP1	NC_037337.1
CCNB1IP1	+	26787748	26802794	CCNB1IP1	NC_037337.1
LOC112448620	+	26789942	26790089	LOC112448620	NC_037337.1
TTC5	+	26806108	26822463	TTC5	NC_037337.1
OR11J12	+	27021391	27022390	OR11J12	NC_037337.1
OR4Q3	+	27158194	27159170	OR4Q3	NC_037337.1
OR4H12	+	27173611	27174489	OR4H12	NC_037337.1
OR4M1	+	27186785	27187744	OR4M1	NC_037337.1
OR4N2C	+	27199825	27200751	OR4N2C	NC_037337.1
OR4N4	+	27214257	27215183	OR4N4	NC_037337.1
OR4N2	+	27224397	27225320	OR4N2	NC_037337.1
OR4K2	+	27260411	27261367	OR4K2	NC_037337.1
OR4K56	+	27279673	27281003	OR4K56	NC_037337.1
OR4K5	+	27300847	27301818	OR4K5	NC_037337.1
OR4K1	+	27311461	27312396	OR4K1	NC_037337.1
OR4K15	+	27353751	27356196	OR4K15	NC_037337.1
OR4L1	+	27458973	27459902	OR4L1	NC_037337.1
OR4L18	+	27477737	27478666	OR4L18	NC_037337.1
OR4L19	+	27502818	27503759	OR4L19	NC_037337.1
OR4L17	+	27510131	27511072	OR4L17	NC_037337.1
OR4L16	+	27520258	27521199	OR4L16	NC_037337.1
OR4K55B	+	27540317	27541255	OR4K55B	NC_037337.1
OR4K35	+	27558840	27559745	OR4K35	NC_037337.1
OR4G18	+	27657191	27658123	OR4G18	NC_037337.1
OR4K36	+	27667250	27668161	OR4K36	NC_037337.1
OR4G8	+	27731202	27732137	OR4G8	NC_037337.1
OR4F14G	+	27996245	27997198	OR4F14G	NC_037337.1
OR4F14H	+	28013655	28014608	OR4F14H	NC_037337.1
OR4F72	+	28033405	28034334	OR4F72	NC_037337.1
OR4F71	+	28051394	28052323	OR4F71	NC_037337.1
OR4F14I	+	28070966	28071977	OR4F14I	NC_037337.1
OR4F14	+	28115806	28116747	OR4F14	NC_037337.1
LOC525367	+	28275947	28276452	LOC525367	NC_037337.1
NOP10	+	28299516	28303026	NOP10	NC_037337.1
LOC104973107	+	28391918	28395870	LOC104973107	NC_037337.1
KATNBL1	+	28406090	28451549	KATNBL1	NC_037337.1
EMC7	+	28490805	28506300	EMC7	NC_037337.1
AVEN	+	28535848	28727695	AVEN	NC_037337.1
TMCO5B	+	29343202	29359943	TMCO5B	NC_037337.1
TRNAC-ACA-99	+	29885690	29885762	TRNAC-ACA	NC_037337.1
LOC112448433	+	30032915	30042016	LOC112448433	NC_037337.1
LOC132346357	+	30087317	30100282	LOC132346357	NC_037337.1
LOC132346358	+	30195683	30205628	LOC132346358	NC_037337.1
MIR2285G-2	+	30425778	30425855	MIR2285G-2	NC_037337.1
LOC101903851	+	30457280	30597794	LOC101903851	NC_037337.1
LOC101903969	+	31026411	31064560	LOC101903969	NC_037337.1
TRNAS-AGA-4	+	31371518	31371589	TRNAS-AGA	NC_037337.1
LOC132346303	+	31714551	31725747	LOC132346303	NC_037337.1
CDIN1	+	32244041	32479054	CDIN1	NC_037337.1
LOC104973117	+	32538861	32539842	LOC104973117	NC_037337.1
LOC104973118	+	32773966	32780832	LOC104973118	NC_037337.1
TMCO5A	+	33565690	33580262	TMCO5A	NC_037337.1
LOC112448624	+	33576398	33576502	LOC112448624	NC_037337.1
SPRED1	+	33847959	33966943	SPRED1	NC_037337.1
FAM98B	+	34060104	34093367	FAM98B	NC_037337.1
LOC107132843	+	34149644	34151063	LOC107132843	NC_037337.1
THBS1	+	35209555	35225356	THBS1	NC_037337.1
EIF2AK4	+	35590809	35687951	EIF2AK4	NC_037337.1
BUB1B	+	35786200	35841256	BUB1B	NC_037337.1
TRNAS-AGA-5	+	35804082	35804153	TRNAS-AGA	NC_037337.1
PAK6	+	35856089	35895687	PAK6	NC_037337.1
INAFM2	+	35939989	35942959	INAFM2	NC_037337.1
PHGR1	+	35967493	35973542	PHGR1	NC_037337.1
DISP2	+	35975235	35985917	DISP2	NC_037337.1
KNSTRN	+	36000107	36010049	KNSTRN	NC_037337.1
IVD	+	36022866	36034639	IVD	NC_037337.1
BAHD1	+	36050510	36074744	BAHD1	NC_037337.1
CHST14	+	36077444	36079402	CHST14	NC_037337.1
RPUSD2	+	36167597	36171852	RPUSD2	NC_037337.1
KNL1	+	36179423	36242658	KNL1	NC_037337.1
RAD51	+	36255232	36291194	RAD51	NC_037337.1
GCHFR	+	36312775	36316540	GCHFR	NC_037337.1
C10H15orf62	+	36316888	36323397	C10H15orf62	NC_037337.1
ZFYVE19	+	36347499	36354613	ZFYVE19	NC_037337.1
VPS18	+	36433672	36442377	VPS18	NC_037337.1
CHAC1	+	36485787	36488158	CHAC1	NC_037337.1
LOC132346361	+	36507260	36524711	LOC132346361	NC_037337.1
CHP1	+	36719642	36755890	CHP1	NC_037337.1
NUSAP1	+	36720031	36819862	NUSAP1	NC_037337.1
LOC112448626	+	36746718	36746912	LOC112448626	NC_037337.1
ITPKA	+	36918788	36927126	ITPKA	NC_037337.1
TYRO3	+	36960778	36979417	TYRO3	NC_037337.1
MAPKBP1	+	37170461	37221983	MAPKBP1	NC_037337.1
JMJD7	+	37222172	37228629	JMJD7	NC_037337.1
LOC112448545	+	37415613	37426797	LOC112448545	NC_037337.1
CAPN3	+	37711361	37767447	CAPN3	NC_037337.1
SNAP23	+	37826009	37866702	SNAP23	NC_037337.1
HAUS2	+	37875134	37888395	HAUS2	NC_037337.1
STARD9	+	37897000	38037202	STARD9	NC_037337.1
TMEM62	+	38358798	38393424	TMEM62	NC_037337.1
CCNDBP1	+	38393525	38403869	CCNDBP1	NC_037337.1
TRNAR-CCU-15	+	38688181	38688253	TRNAR-CCU	NC_037337.1
LOC112448560	+	39145082	39184111	LOC112448560	NC_037337.1
LOC112448627	+	39332898	39333061	LOC112448627	NC_037337.1
LOC132346364	+	42357325	42363287	LOC132346364	NC_037337.1
RN7SL1	+	42629551	42629849	RN7SL1	NC_037337.1
KLHDC1	+	42707691	42747993	KLHDC1	NC_037337.1
KLHDC2	+	42749340	42764724	KLHDC2	NC_037337.1
ARF6	+	42857656	42862131	ARF6	NC_037337.1
LOC101906243	+	43004163	43005705	LOC101906243	NC_037337.1
LOC132346365	+	43437756	43448870	LOC132346365	NC_037337.1
ABHD12B	+	43734080	43756930	ABHD12B	NC_037337.1
TMX1	+	44057645	44070733	TMX1	NC_037337.1
FRMD6	+	44296829	44564023	FRMD6	NC_037337.1
TRNAR-UCG-2	+	44496175	44496246	TRNAR-UCG	NC_037337.1
GNG2	+	44659756	44796955	GNG2	NC_037337.1
LOC101907464	+	44806836	44816374	LOC101907464	NC_037337.1
LOC613519	+	44912510	44913817	LOC613519	NC_037337.1
PTGDR	+	45157935	45165484	PTGDR	NC_037337.1
OAZ2	+	45366519	45379630	OAZ2	NC_037337.1
LOC101907658	+	45521611	45522076	LOC101907658	NC_037337.1
PCLAF	+	45645715	45653957	PCLAF	NC_037337.1
CSNK1G1	+	45661323	45802589	CSNK1G1	NC_037337.1
PPIB	+	45818713	45824618	PPIB	NC_037337.1
LOC132346366	+	45832821	45841414	LOC132346366	NC_037337.1
CIAO2A	+	45880414	45895813	CIAO2A	NC_037337.1
DAPK2	+	45948617	46080592	DAPK2	NC_037337.1
LOC132346367	+	46080696	46090840	LOC132346367	NC_037337.1
HERC1	+	46166151	46398046	HERC1	NC_037337.1
LOC112448547	+	46564654	46571266	LOC112448547	NC_037337.1
CA12	+	46649254	46714597	CA12	NC_037337.1
RPS27L	+	46889233	46892623	RPS27L	NC_037337.1
LOC132346368	+	47022870	47032386	LOC132346368	NC_037337.1
C2CD4B	+	47902649	47904128	C2CD4B	NC_037337.1
LOC112448614	+	47954598	47954729	LOC112448614	NC_037337.1
LOC112448662	+	47971129	47971233	LOC112448662	NC_037337.1
VPS13C	+	48034995	48216333	VPS13C	NC_037337.1
LOC132346370	+	48304531	48589447	LOC132346370	NC_037337.1
RORA	+	48892424	49702373	RORA	NC_037337.1
LOC104973154	+	48894220	48902799	LOC104973154	NC_037337.1
ICE2	+	49707745	49772344	ICE2	NC_037337.1
ANXA2	+	49800141	49844615	ANXA2	NC_037337.1
LOC104973158	+	50311921	50319392	LOC104973158	NC_037337.1
BNIP2	+	50557234	50578063	BNIP2	NC_037337.1
MYO1E	+	50957729	51178500	MYO1E	NC_037337.1
LOC132346372	+	51208658	51219456	LOC132346372	NC_037337.1
LOC112448597	+	51333353	51333414	LOC112448597	NC_037337.1
LOC112448661	+	51443239	51443345	LOC112448661	NC_037337.1
LOC533308	+	51529607	51530234	LOC533308	NC_037337.1
ADAM10	+	51535794	51679930	ADAM10	NC_037337.1
LOC112448468	+	51741635	51767991	LOC112448468	NC_037337.1
ALDH1A2	+	52215057	52340290	ALDH1A2	NC_037337.1
LOC112448470	+	52590681	52624674	LOC112448470	NC_037337.1
NEDD4	+	54426277	54570735	NEDD4	NC_037337.1
PRTG	+	54636008	54788506	PRTG	NC_037337.1
PYGO1	+	54809386	54837665	PYGO1	NC_037337.1
RAB27A	+	54999005	55094845	RAB27A	NC_037337.1
LOC788201	+	54999005	55001217	LOC788201	NC_037337.1
RSL24D1	+	55099786	55127853	RSL24D1	NC_037337.1
LOC132346374	+	55237038	55239079	LOC132346374	NC_037337.1
WDR72	+	56554795	56780539	WDR72	NC_037337.1
ATOSA	+	57722334	57807899	ATOSA	NC_037337.1
ARPP19	+	57819020	57836975	ARPP19	NC_037337.1
MYO5A	+	57848915	58054541	MYO5A	NC_037337.1
MIR1248-2	+	58016434	58016538	MIR1248-2	NC_037337.1
MYO5C	+	58061538	58179978	MYO5C	NC_037337.1
GNB5	+	58192166	58224910	GNB5	NC_037337.1
BCL2L10	+	58230559	58237387	BCL2L10	NC_037337.1
LOC112448647	+	58253264	58253370	LOC112448647	NC_037337.1
LEO1	+	58404105	58440220	LEO1	NC_037337.1
TRNAC-GCA-115	+	58617126	58617197	TRNAC-GCA	NC_037337.1
LYSMD2	+	58629450	58642432	LYSMD2	NC_037337.1
DMXL2	+	58738180	58905040	DMXL2	NC_037337.1
LOC132346376	+	59056308	59067882	LOC132346376	NC_037337.1
TRNAR-ACG-14	+	59134072	59134143	TRNAR-ACG	NC_037337.1
TNFAIP8L3	+	59314567	59360059	TNFAIP8L3	NC_037337.1
SPPL2A	+	59575862	59631979	SPPL2A	NC_037337.1
TRPM7	+	59648276	59757063	TRPM7	NC_037337.1
USP50	+	59758012	59796157	USP50	NC_037337.1
GABPB1	+	59890273	59967553	GABPB1	NC_037337.1
HDC	+	59982866	60004776	HDC	NC_037337.1
ATP8B4	+	60090081	60432360	ATP8B4	NC_037337.1
FAM227B	+	60712368	60924730	FAM227B	NC_037337.1
LOC132346377	+	60952052	60956995	LOC132346377	NC_037337.1
COPS2	+	61080768	61113961	COPS2	NC_037337.1
SECISBP2L	+	61182360	61243122	SECISBP2L	NC_037337.1
SHC4	+	61243632	61420825	SHC4	NC_037337.1
TRNAC-ACA-101	+	61511370	61511441	TRNAC-ACA	NC_037337.1
FBN1	+	61654504	61919167	FBN1	NC_037337.1
MIR10168	+	61825309	61825391	MIR10168	NC_037337.1
LOC112448605	+	62074356	62074487	LOC112448605	NC_037337.1
MYEF2	+	62211138	62251040	MYEF2	NC_037337.1
TRNAH-AUG-7	+	62672962	62673033	TRNAH-AUG	NC_037337.1
LOC112448561	+	62789218	62791592	LOC112448561	NC_037337.1
LOC132346378	+	64865001	64865877	LOC132346378	NC_037337.1
SLC30A4	+	64938017	64978257	SLC30A4	NC_037337.1
GATM	+	65098687	65114701	GATM	NC_037337.1
SHF	+	65235579	65262573	SHF	NC_037337.1
TRNAH-GUG-18	+	65235579	65235650	TRNAH-GUG	NC_037337.1
TRNAH-GUG-19	+	65237111	65237182	TRNAH-GUG	NC_037337.1
DUOXA1	+	65297613	65308812	DUOXA1	NC_037337.1
DUOX2	+	65313056	65332471	DUOX2	NC_037337.1
LOC613752	+	65519538	65519913	LOC613752	NC_037337.1
LOC132346310	+	66091349	66099891	LOC132346310	NC_037337.1
LOC112448645	+	66117297	66117403	LOC112448645	NC_037337.1
TRNAS-AGA-6	+	66549916	66549988	TRNAS-AGA	NC_037337.1
CGRRF1	+	67014641	67042099	CGRRF1	NC_037337.1
MIR2292	+	67073820	67073889	MIR2292	NC_037337.1
SOCS4	+	67504612	67518539	SOCS4	NC_037337.1
MAPK1IP1L	+	67525428	67538325	MAPK1IP1L	NC_037337.1
LGALS3	+	67611548	67629447	LGALS3	NC_037337.1
FBXO34	+	67753218	67835613	FBXO34	NC_037337.1
TRNAS-GCU-4	+	67905982	67906063	TRNAS-GCU	NC_037337.1
KTN1	+	68006327	68119073	KTN1	NC_037337.1
LOC101903945	+	68464545	68485569	LOC101903945	NC_037337.1
PELI2	+	68531150	68731213	PELI2	NC_037337.1
TMEM260	+	69005149	69075631	TMEM260	NC_037337.1
TRNAG-CCC-89	+	69207394	69207466	TRNAG-CCC	NC_037337.1
TRNAY-GUA-30	+	69240791	69240862	TRNAY-GUA	NC_037337.1
TRNAC-ACA-104	+	69748154	69748225	TRNAC-ACA	NC_037337.1
NAA30	+	69768396	69789540	NAA30	NC_037337.1
ACTR10	+	70515434	70541958	ACTR10	NC_037337.1
PSMA3	+	70551112	70576344	PSMA3	NC_037337.1
ARID4A	+	70592722	70654759	ARID4A	NC_037337.1
TOMM20L	+	70670046	70683457	TOMM20L	NC_037337.1
DACT1	+	70905997	70916910	DACT1	NC_037337.1
LOC107132870	+	70924174	70936838	LOC107132870	NC_037337.1
LOC112448581	+	71281989	71309866	LOC112448581	NC_037337.1
DAAM1	+	71479329	71670967	DAAM1	NC_037337.1
LOC112448591	+	71676972	71677076	LOC112448591	NC_037337.1
JKAMP	+	71759961	71782134	JKAMP	NC_037337.1
PCNX4	+	72308610	72346844	PCNX4	NC_037337.1
SLC38A6	+	73121749	73191746	SLC38A6	NC_037337.1
PRKCH	+	73436691	73668697	PRKCH	NC_037337.1
SNAPC1	+	73888973	73918569	SNAPC1	NC_037337.1
LOC112448613	+	74165338	74165477	LOC112448613	NC_037337.1
MGC148318	+	74250119	74265537	MGC148318	NC_037337.1
TRNAY-GUA-32	+	74503485	74503556	TRNAY-GUA	NC_037337.1
RHOJ	+	75471164	75564631	RHOJ	NC_037337.1
LOC101904356	+	75886327	75913641	LOC101904356	NC_037337.1
LOC104973205	+	75946286	75963348	LOC104973205	NC_037337.1
LOC100850347	+	76044530	76045401	LOC100850347	NC_037337.1
SYNE2	+	76063139	76386889	SYNE2	NC_037337.1
MIR2285CQ	+	76312388	76312446	MIR2285CQ	NC_037337.1
LOC112448595	+	76446758	76446861	LOC112448595	NC_037337.1
AKAP5	+	76612223	76620866	AKAP5	NC_037337.1
ZBTB1	+	76649277	76673078	ZBTB1	NC_037337.1
HSPA2	+	76679840	76682347	HSPA2	NC_037337.1
PPP1R36	+	76687473	76710197	PPP1R36	NC_037337.1
PLEKHG3	+	76837368	76892171	PLEKHG3	NC_037337.1
CHURC1	+	77048110	77066488	CHURC1	NC_037337.1
TRNAG-CCC-90	+	77126626	77126698	TRNAG-CCC	NC_037337.1
FUT8	+	77507902	77838156	FUT8	NC_037337.1
TRNAC-GCA-118	+	77720978	77721049	TRNAC-GCA	NC_037337.1
LOC132346398	+	77892221	77902730	LOC132346398	NC_037337.1
TRNAR-CCU-16	+	78129727	78129799	TRNAR-CCU	NC_037337.1
CCDC196	+	78535544	78551038	CCDC196	NC_037337.1
GPHN	+	78563090	79098454	GPHN	NC_037337.1
GARIN2	+	79106907	79142204	GARIN2	NC_037337.1
PALS1	+	79157760	79238619	PALS1	NC_037337.1
EIF2S1	+	79255235	79278260	EIF2S1	NC_037337.1
LOC132346403	+	79474750	79477674	LOC132346403	NC_037337.1
LOC132346402	+	79479859	79480510	LOC132346402	NC_037337.1
ARG2	+	79499746	79534867	ARG2	NC_037337.1
RDH12	+	79580150	79589006	RDH12	NC_037337.1
RAD51B	+	79667591	80404211	RAD51B	NC_037337.1
LOC132346405	+	80771057	80780233	LOC132346405	NC_037337.1
LOC132346408	+	80826879	80851526	LOC132346408	NC_037337.1
LOC132346406	+	80933084	80933826	LOC132346406	NC_037337.1
EXD2	+	80972558	81039609	EXD2	NC_037337.1
GALNT16	+	81045286	81147946	GALNT16	NC_037337.1
PLEKHD1	+	81245510	81276266	PLEKHD1	NC_037337.1
SUSD6	+	81344798	81439918	SUSD6	NC_037337.1
SRSF5	+	81495931	81501106	SRSF5	NC_037337.1
LOC104973229	+	81514977	81538264	LOC104973229	NC_037337.1
SMOC1	+	81593311	81739429	SMOC1	NC_037337.1
LOC112448519	+	81758725	81762465	LOC112448519	NC_037337.1
COX16	+	82020623	82060892	COX16	NC_037337.1
ADAM21	+	82140450	82155992	ADAM21	NC_037337.1
TTC9	+	82281550	82314958	TTC9	NC_037337.1
TRNAW-CCA-57	+	82400877	82400949	TRNAW-CCA	NC_037337.1
PCNX1	+	82525361	82709879	PCNX1	NC_037337.1
SIPA1L1	+	82754407	83276050	SIPA1L1	NC_037337.1
LOC132346413	+	83422408	83438638	LOC132346413	NC_037337.1
TRNAC-ACA-106	+	83458454	83458526	TRNAC-ACA	NC_037337.1
TRNAE-UUC-58	+	83938993	83939064	TRNAE-UUC	NC_037337.1
LOC101902531	+	84175094	84182888	LOC101902531	NC_037337.1
RBM25	+	84561407	84608917	RBM25	NC_037337.1
PAPLN	+	84702195	84739998	PAPLN	NC_037337.1
RIOX1	+	84937977	84940480	RIOX1	NC_037337.1
ACOT2	+	84971168	84978751	ACOT2	NC_037337.1
ACOT4	+	84987893	84992176	ACOT4	NC_037337.1
LOC785383	+	85017796	85033100	LOC785383	NC_037337.1
LOC512541	+	85041488	85045594	LOC512541	NC_037337.1
ACOT6	+	85054890	85060399	ACOT6	NC_037337.1
ZNF410	+	85277929	85320048	ZNF410	NC_037337.1
COQ6	+	85333913	85348775	COQ6	NC_037337.1
LIN52	+	85448141	85560851	LIN52	NC_037337.1
VSX2	+	85599605	85618776	VSX2	NC_037337.1
ISCA2	+	85783963	85786299	ISCA2	NC_037337.1
FCF1	+	85988488	85998916	FCF1	NC_037337.1
TRNAW-CCA-58	+	86008161	86008232	TRNAW-CCA	NC_037337.1
YLPM1	+	86019667	86084007	YLPM1	NC_037337.1
EIF2B2	+	86259540	86266555	EIF2B2	NC_037337.1
ZC2HC1C	+	86318528	86327797	ZC2HC1C	NC_037337.1
FOS	+	86488949	86492375	FOS	NC_037337.1
LOC112448568	+	86528597	86540670	LOC112448568	NC_037337.1
JDP2	+	86610211	86655612	JDP2	NC_037337.1
MIR10162	+	86624969	86625047	MIR10162	NC_037337.1
FLVCR2	+	86763446	86819740	FLVCR2	NC_037337.1
LOC112448525	+	86875640	86875873	LOC112448525	NC_037337.1
LOC509034	+	86875907	86903456	LOC509034	NC_037337.1
TTLL5	+	86917146	87234703	TTLL5	NC_037337.1
IFT43	+	87267982	87371779	IFT43	NC_037337.1
LOC132346420	+	87417401	87420479	LOC132346420	NC_037337.1
GPATCH2L	+	87459428	87519374	GPATCH2L	NC_037337.1
ESRRB	+	87626899	87810135	ESRRB	NC_037337.1
LOC132346422	+	87872260	87872890	LOC132346422	NC_037337.1
VASH1	+	88016497	88039635	VASH1	NC_037337.1
TRNAC-GCA-119	+	88034826	88034897	TRNAC-GCA	NC_037337.1
TMEM63C	+	88372920	88459276	TMEM63C	NC_037337.1
GSTZ1	+	88521680	88537179	GSTZ1	NC_037337.1
LOC132346426	+	88556204	88558101	LOC132346426	NC_037337.1
SAMD15	+	88581510	88626781	SAMD15	NC_037337.1
LOC112448623	+	88610708	88610833	LOC112448623	NC_037337.1
AHSA1	+	88648548	88656337	AHSA1	NC_037337.1
LOC132346316	+	88714758	88731583	LOC132346316	NC_037337.1
ADCK1	+	88931666	89062790	ADCK1	NC_037337.1
LOC132346311	+	89250118	89256174	LOC132346311	NC_037337.1
LOC101905198	+	91503751	91510381	LOC101905198	NC_037337.1
LOC112448571	+	91544295	91554677	LOC112448571	NC_037337.1
TRNAC-GCA-120	+	91609463	91609534	TRNAC-GCA	NC_037337.1
LOC104973263	+	91746272	91775524	LOC104973263	NC_037337.1
TSHR	+	92281911	92430339	TSHR	NC_037337.1
LOC112448582	+	93778478	93816415	LOC112448582	NC_037337.1
TRNAH-GUG-20	+	96977621	96977692	TRNAH-GUG	NC_037337.1
LOC132346314	+	97992009	97997751	LOC132346314	NC_037337.1
GPR65	+	99724626	99751574	GPR65	NC_037337.1
TRNAC-ACA-108	+	99950217	99950289	TRNAC-ACA	NC_037337.1
ZC3H14	+	100258150	100300820	ZC3H14	NC_037337.1
LOC132346285	+	100460801	100513380	LOC132346285	NC_037337.1
TTC8	+	100515483	100562243	TTC8	NC_037337.1
LOC132346430	+	101023655	101034841	LOC132346430	NC_037337.1
TDP1	+	101635810	101708726	TDP1	NC_037337.1
PSMC1	+	101862203	101874844	PSMC1	NC_037337.1
CALM1	+	102005663	102016073	CALM1	NC_037337.1
LOC112448538	+	102689247	102691769	LOC112448538	NC_037337.1
LOC132346435	+	102709802	102712503	LOC132346435	NC_037337.1
GOLM2	+	102772750	102861254	GOLM2	NC_037337.1
CTDSPL2	+	102869572	102945390	CTDSPL2	NC_037337.1
EIF3J	+	102954909	102973919	EIF3J	NC_037337.1
B2M	+	103095506	103103791	B2M	NC_037337.1
TRIM69	+	103159509	103195439	TRIM69	NC_037337.1
ZC3H8	+	203486	231076	ZC3H8	NC_037338.1
LOC132346533	+	251824	261271	LOC132346533	NC_037338.1
LOC112448914	+	502247	502376	LOC112448914	NC_037338.1
ANAPC1	+	526225	627532	ANAPC1	NC_037338.1
LOC132346534	+	859009	1127499	LOC132346534	NC_037338.1
BUB1	+	1585410	1618579	BUB1	NC_037338.1
MTLN	+	1692372	1693394	MTLN	NC_037338.1
NPHP1	+	1697133	1762646	NPHP1	NC_037338.1
MALL	+	1774913	1807070	MALL	NC_037338.1
MAL	+	1848632	1873330	MAL	NC_037338.1
ZNF892	+	1987137	2001202	ZNF892	NC_037338.1
PROM2	+	2018046	2034801	PROM2	NC_037338.1
KCNIP3	+	2042314	2138457	KCNIP3	NC_037338.1
FAHD2A	+	2153786	2164531	FAHD2A	NC_037338.1
CIAO1	+	2367548	2374477	CIAO1	NC_037338.1
NCAPH	+	2433855	2467296	NCAPH	NC_037338.1
ARID5A	+	2557647	2569332	ARID5A	NC_037338.1
CNNM3	+	2763409	2796910	CNNM3	NC_037338.1
LOC112448737	+	2809602	2812571	LOC112448737	NC_037338.1
C11H2orf92	+	2990907	3032496	C11H2orf92	NC_037338.1
ZAP70	+	3047488	3087280	ZAP70	NC_037338.1
LOC132346537	+	3247829	3263723	LOC132346537	NC_037338.1
VWA3B	+	3393920	3560314	VWA3B	NC_037338.1
CNGA3	+	3584623	3622313	CNGA3	NC_037338.1
INPP4A	+	3651160	3773102	INPP4A	NC_037338.1
UNC50	+	3824664	3833609	UNC50	NC_037338.1
TRNAE-CUC-16	+	4041777	4041849	TRNAE-CUC	NC_037338.1
C11H2orf15	+	4303663	4306083	C11H2orf15	NC_037338.1
LIPT1	+	4311242	4314140	LIPT1	NC_037338.1
MRPL30	+	4336748	4351724	MRPL30	NC_037338.1
TRNAW-CCA-61	+	4784765	4784836	TRNAW-CCA	NC_037338.1
LOC132346538	+	5456787	5457531	LOC132346538	NC_037338.1
NMS	+	5537457	5548804	NMS	NC_037338.1
PDCL3	+	5581311	5592470	PDCL3	NC_037338.1
RPL31	+	5972220	5977576	RPL31	NC_037338.1
CNOT11	+	6164587	6178603	CNOT11	NC_037338.1
LOC107132901	+	6427838	6466606	LOC107132901	NC_037338.1
IL1R1	+	6781808	6915249	IL1R1	NC_037338.1
IL1RL2	+	7031073	7058737	IL1RL2	NC_037338.1
IL1RL1	+	7127270	7165363	IL1RL1	NC_037338.1
IL18RAP	+	7203304	7233771	IL18RAP	NC_037338.1
SLC9A4	+	7241210	7297587	SLC9A4	NC_037338.1
SLC9A2	+	7335489	7426886	SLC9A2	NC_037338.1
TMEM182	+	7442936	7504033	TMEM182	NC_037338.1
POU3F3	+	8999535	9005058	POU3F3	NC_037338.1
MRPS9	+	9114005	9151929	MRPS9	NC_037338.1
GPR45	+	9170298	9212822	GPR45	NC_037338.1
TACR1	+	9482054	9671576	TACR1	NC_037338.1
LOC112448974	+	9714365	9714470	LOC112448974	NC_037338.1
M1AP	+	9989411	10084934	M1AP	NC_037338.1
LOC107132904	+	10071976	10073429	LOC107132904	NC_037338.1
LOXL3	+	10089220	10107285	LOXL3	NC_037338.1
DQX1	+	10114064	10120754	DQX1	NC_037338.1
PCGF1	+	10130551	10132864	PCGF1	NC_037338.1
LBX2	+	10138389	10142390	LBX2	NC_037338.1
CCDC142	+	10151903	10159128	CCDC142	NC_037338.1
RTKN	+	10170549	10201731	RTKN	NC_037338.1
MGC152281	+	10212310	10219250	MGC152281	NC_037338.1
DCTN1	+	10238630	10268442	DCTN1	NC_037338.1
SLC4A5	+	10285131	10423238	SLC4A5	NC_037338.1
TRNAS-GGA-64	+	10372387	10372458	TRNAS-GGA	NC_037338.1
BOLA3	+	10505199	10513150	BOLA3	NC_037338.1
LOC132346547	+	10760495	10767245	LOC132346547	NC_037338.1
DUSP11	+	10848296	10864267	DUSP11	NC_037338.1
TPRKB	+	10874094	10885347	TPRKB	NC_037338.1
NAT8	+	10885484	10888530	NAT8	NC_037338.1
EGR4	+	11158214	11161545	EGR4	NC_037338.1
FBXO41	+	11167819	11195911	FBXO41	NC_037338.1
PRADC1	+	11214717	11220307	PRADC1	NC_037338.1
RAB11FIP5	+	11326325	11369717	RAB11FIP5	NC_037338.1
MIR2294	+	11327387	11327449	MIR2294	NC_037338.1
SFXN5	+	11371645	11498288	SFXN5	NC_037338.1
EXOC6B	+	11625776	12347599	EXOC6B	NC_037338.1
TRNAC-GCA-121	+	13176543	13176614	TRNAC-GCA	NC_037338.1
TEX261	+	13428940	13436883	TEX261	NC_037338.1
LOC112448754	+	13492040	13502182	LOC112448754	NC_037338.1
CD207	+	13559603	13565608	CD207	NC_037338.1
CLEC4F	+	13572414	13584456	CLEC4F	NC_037338.1
FIGLA	+	13600224	13615325	FIGLA	NC_037338.1
TGFA	+	13861368	13980031	TGFA	NC_037338.1
FAM136A	+	14150184	14154628	FAM136A	NC_037338.1
LOC101906221	+	14571591	14572077	LOC101906221	NC_037338.1
SPAST	+	14696373	14753291	SPAST	NC_037338.1
LOC132346550	+	14828510	14834083	LOC132346550	NC_037338.1
LOC132346551	+	14848965	14866825	LOC132346551	NC_037338.1
YIPF4	+	14885058	14919192	YIPF4	NC_037338.1
TRNAG-UCC-54	+	14898722	14898792	TRNAG-UCC	NC_037338.1
BIRC6	+	14961141	15174772	BIRC6	NC_037338.1
MIR11972	+	14961295	14961356	MIR11972	NC_037338.1
TTC27	+	15177367	15362381	TTC27	NC_037338.1
LTBP1	+	15473629	15930112	LTBP1	NC_037338.1
LOC782032	+	17275559	17277621	LOC782032	NC_037338.1
LOC112448906	+	17395111	17395172	LOC112448906	NC_037338.1
LOC112448869	+	18290575	18330980	LOC112448869	NC_037338.1
CRIM1	+	18813319	19022665	CRIM1	NC_037338.1
TRNAC-ACA-109	+	18822203	18822274	TRNAC-ACA	NC_037338.1
VIT	+	19157463	19281023	VIT	NC_037338.1
GPATCH11	+	19542599	19557191	GPATCH11	NC_037338.1
LOC112448863	+	19596017	19617159	LOC112448863	NC_037338.1
NDUFAF7	+	19659154	19682020	NDUFAF7	NC_037338.1
RMDN2	+	20358649	20435578	RMDN2	NC_037338.1
LOC132346553	+	20367310	20369734	LOC132346553	NC_037338.1
LOC112448939	+	20880030	20880100	LOC112448939	NC_037338.1
LOC132346554	+	20946664	20977433	LOC132346554	NC_037338.1
LOC112448976	+	20957255	20957358	LOC112448976	NC_037338.1
GALM	+	21021143	21075769	GALM	NC_037338.1
LOC132346556	+	21223115	21245631	LOC132346556	NC_037338.1
ARHGEF33	+	21254445	21295616	ARHGEF33	NC_037338.1
TMEM178A	+	21735443	22020613	TMEM178A	NC_037338.1
LOC112448760	+	22504183	22544247	LOC112448760	NC_037338.1
LOC104973311	+	22854274	22869519	LOC104973311	NC_037338.1
LOC112448762	+	24516664	24581825	LOC112448762	NC_037338.1
EML4	+	24586425	24741140	EML4	NC_037338.1
LOC132346560	+	24807655	24808362	LOC132346560	NC_037338.1
LOC112448960	+	24964471	24964577	LOC112448960	NC_037338.1
LOC101906077	+	25216207	25259056	LOC101906077	NC_037338.1
LOC112448767	+	25473952	25493373	LOC112448767	NC_037338.1
LOC104973322	+	25516819	25524183	LOC104973322	NC_037338.1
LOC107132917	+	25665367	25666699	LOC107132917	NC_037338.1
PLEKHH2	+	25888952	25995767	PLEKHH2	NC_037338.1
DYNC2LI1	+	26000330	26038435	DYNC2LI1	NC_037338.1
ABCG8	+	26079209	26097490	ABCG8	NC_037338.1
LOC112448916	+	26142496	26142582	LOC112448916	NC_037338.1
LOC112448769	+	26207513	26216744	LOC112448769	NC_037338.1
LOC786435	+	26311421	26313025	LOC786435	NC_037338.1
PPM1B	+	26360146	26676852	PPM1B	NC_037338.1
LOC132342076	+	26390800	26432266	LOC132342076	NC_037338.1
LOC101906743	+	26736210	26736694	LOC101906743	NC_037338.1
CAMKMT	+	26771714	27199275	CAMKMT	NC_037338.1
SIX3	+	27357851	27399409	SIX3	NC_037338.1
LOC112448957	+	27629369	27629475	LOC112448957	NC_037338.1
PRKCE	+	28092699	28635155	PRKCE	NC_037338.1
EPAS1	+	28735330	28825665	EPAS1	NC_037338.1
TMEM247	+	28928747	28933427	TMEM247	NC_037338.1
RHOQ	+	28991537	29029383	RHOQ	NC_037338.1
TRNAG-UCC-55	+	28996041	28996113	TRNAG-UCC	NC_037338.1
CRIPT	+	29060635	29071529	CRIPT	NC_037338.1
TTC7A	+	29405121	29527516	TTC7A	NC_037338.1
LOC132346567	+	29594398	29615637	LOC132346567	NC_037338.1
EPCAM	+	29782764	29793451	EPCAM	NC_037338.1
MSH6	+	30122070	30143456	MSH6	NC_037338.1
TRNAC-GCA-124	+	30608211	30608282	TRNAC-GCA	NC_037338.1
FOXN2	+	30657390	30716296	FOXN2	NC_037338.1
PPP1R21	+	30751173	30829619	PPP1R21	NC_037338.1
STON1	+	30836546	30892687	STON1	NC_037338.1
LOC132346571	+	31039482	31321625	LOC132346571	NC_037338.1
LOC132346514	+	34417933	34439824	LOC132346514	NC_037338.1
LOC132346506	+	36455980	36456705	LOC132346506	NC_037338.1
CHAC2	+	36490371	36500201	CHAC2	NC_037338.1
ERLEC1	+	36519763	36544362	ERLEC1	NC_037338.1
TRNAC-ACA-110	+	36744311	36744383	TRNAC-ACA	NC_037338.1
ACYP2	+	36831206	37010452	ACYP2	NC_037338.1
LOC112448936	+	36974356	36974483	LOC112448936	NC_037338.1
SPTBN1	+	37176034	37389119	SPTBN1	NC_037338.1
EML6	+	37435296	37722763	EML6	NC_037338.1
TRNAE-CUC-17	+	37951525	37951597	TRNAE-CUC	NC_037338.1
PRORSD1	+	38005897	38007987	PRORSD1	NC_037338.1
CFAP36	+	38211858	38241695	CFAP36	NC_037338.1
CCDC85A	+	38849544	39075821	CCDC85A	NC_037338.1
LOC112448873	+	39503429	39505399	LOC112448873	NC_037338.1
TRNAY-AUA-18	+	39739492	39739564	TRNAY-AUA	NC_037338.1
TRNAC-GCA-125	+	40240552	40240623	TRNAC-GCA	NC_037338.1
VRK2	+	40689244	40797823	VRK2	NC_037338.1
LOC107132926	+	41095450	41692901	LOC107132926	NC_037338.1
LOC107132928	+	43475678	43476862	LOC107132928	NC_037338.1
PAPOLG	+	43514055	43547843	PAPOLG	NC_037338.1
REL	+	43625547	43666466	REL	NC_037338.1
MIR6122	+	43638152	43638213	MIR6122	NC_037338.1
PEX13	+	43760329	43791823	PEX13	NC_037338.1
LOC112448900	+	43899589	43899696	LOC112448900	NC_037338.1
LOC101904133	+	44472234	44480119	LOC101904133	NC_037338.1
EDAR	+	44555172	44607352	EDAR	NC_037338.1
LOC112448969	+	44964747	44964853	LOC112448969	NC_037338.1
ST6GAL2	+	45551844	45610884	ST6GAL2	NC_037338.1
UXS1	+	45721338	45778563	UXS1	NC_037338.1
LOC112448952	+	45778563	45778674	LOC112448952	NC_037338.1
LOC112448780	+	45853253	45878793	LOC112448780	NC_037338.1
TTL	+	46209289	46242645	TTL	NC_037338.1
POLR1B	+	46252625	46274598	POLR1B	NC_037338.1
CHCHD5	+	46282973	46350213	CHCHD5	NC_037338.1
SLC20A1	+	46351782	46366274	SLC20A1	NC_037338.1
NT5DC4	+	46435004	46445165	NT5DC4	NC_037338.1
LOC132346579	+	46470509	46488971	LOC132346579	NC_037338.1
IL37	+	46612787	46621216	IL37	NC_037338.1
IL36A	+	46690867	46705100	IL36A	NC_037338.1
IL36B	+	46709032	46716907	IL36B	NC_037338.1
IL1F10	+	46767775	46771014	IL1F10	NC_037338.1
IL1RN	+	46830420	46837406	IL1RN	NC_037338.1
LOC132346580	+	46933662	46934669	LOC132346580	NC_037338.1
LOC132346582	+	47077574	47109144	LOC132346582	NC_037338.1
LOC112448875	+	47111413	47118921	LOC112448875	NC_037338.1
LOC132346583	+	47233481	47234320	LOC132346583	NC_037338.1
LOC100294952	+	47266384	47305814	LOC100294952	NC_037338.1
TRNAC-ACA-112	+	47361874	47361945	TRNAC-ACA	NC_037338.1
EIF2AK3	+	47433953	47515741	EIF2AK3	NC_037338.1
FABP1	+	47917547	47923246	FABP1	NC_037338.1
KRCC1	+	47993852	48008157	KRCC1	NC_037338.1
CD8B	+	48044725	48064468	CD8B	NC_037338.1
CD8A	+	48118106	48125250	CD8A	NC_037338.1
TRNAG-CCC-92	+	48570864	48570936	TRNAG-CCC	NC_037338.1
IMMT	+	48673694	48716315	IMMT	NC_037338.1
POLR1A	+	48759421	48843648	POLR1A	NC_037338.1
MIR2285AT-1	+	48813762	48813820	MIR2285AT-1	NC_037338.1
LOC112448788	+	48870970	48925291	LOC112448788	NC_037338.1
ST3GAL5	+	48977944	49035583	ST3GAL5	NC_037338.1
TRNAE-UUC-62	+	49008597	49008669	TRNAE-UUC	NC_037338.1
LOC112448790	+	49145243	49196653	LOC112448790	NC_037338.1
SFTPB	+	49329784	49340737	SFTPB	NC_037338.1
LOC132346588	+	49431092	49438229	LOC132346588	NC_037338.1
GGCX	+	49449772	49461523	GGCX	NC_037338.1
CAPG	+	49587893	49605835	CAPG	NC_037338.1
RETSAT	+	49642200	49656929	RETSAT	NC_037338.1
TRNAG-CCC-94	+	49928085	49928157	TRNAG-CCC	NC_037338.1
LOC112448961	+	50028001	50028107	LOC112448961	NC_037338.1
TRNAG-CCC-95	+	50089535	50089607	TRNAG-CCC	NC_037338.1
LOC112448796	+	50125861	50192049	LOC112448796	NC_037338.1
LOC112448798	+	50234526	50245428	LOC112448798	NC_037338.1
TRNAE-UUC-63	+	50274884	50274956	TRNAE-UUC	NC_037338.1
LOC112448955	+	50481838	50481944	LOC112448955	NC_037338.1
SUCLG1	+	50516911	50551411	SUCLG1	NC_037338.1
LOC104973384	+	50582427	50599821	LOC104973384	NC_037338.1
LOC112448910	+	51691868	51691998	LOC112448910	NC_037338.1
LOC132346498	+	54833525	54841769	LOC132346498	NC_037338.1
LOC132346497	+	55190837	55194253	LOC132346497	NC_037338.1
LRRTM1	+	55211054	55214346	LRRTM1	NC_037338.1
REG3G	+	56606755	56609713	REG3G	NC_037338.1
LOC112448942	+	57319429	57319591	LOC112448942	NC_037338.1
LRRTM4	+	58509615	58514730	LRRTM4	NC_037338.1
LOC112448801	+	59674170	59750974	LOC112448801	NC_037338.1
C11H2orf74	+	59819985	59822302	C11H2orf74	NC_037338.1
AHSA2	+	59837433	59860414	AHSA2	NC_037338.1
COMMD1	+	60495941	60667414	COMMD1	NC_037338.1
B3GNT2	+	60695836	60756541	B3GNT2	NC_037338.1
EHBP1	+	61153342	61540441	EHBP1	NC_037338.1
OTX1	+	61543937	61551636	OTX1	NC_037338.1
MDH1	+	62023287	62047726	MDH1	NC_037338.1
UGP2	+	62289145	62345669	UGP2	NC_037338.1
LOC107132935	+	62616564	62640696	LOC107132935	NC_037338.1
LOC132346590	+	62835887	62851679	LOC132346590	NC_037338.1
LGALSL	+	62858660	62866676	LGALSL	NC_037338.1
AFTPH	+	62923144	62997665	AFTPH	NC_037338.1
LOC101905979	+	63329297	63332902	LOC101905979	NC_037338.1
SLC1A4	+	63379682	63409620	SLC1A4	NC_037338.1
CEP68	+	63443981	63470944	CEP68	NC_037338.1
LOC132346594	+	65044366	65069121	LOC132346594	NC_037338.1
ETAA1	+	65838871	65853066	ETAA1	NC_037338.1
LOC112448806	+	66539138	66555235	LOC112448806	NC_037338.1
PLEK	+	66787639	66814889	PLEK	NC_037338.1
APLF	+	66865116	66958574	APLF	NC_037338.1
PROKR1	+	67006462	67025610	PROKR1	NC_037338.1
ANXA4	+	68124890	68171538	ANXA4	NC_037338.1
LOC132346598	+	68322359	68338802	LOC132346598	NC_037338.1
PCBP1	+	68411330	68412803	PCBP1	NC_037338.1
PCYOX1	+	68555335	68602292	PCYOX1	NC_037338.1
CAPN14	+	68706324	68743568	CAPN14	NC_037338.1
TRNAG-UCC-59	+	68926363	68926435	TRNAG-UCC	NC_037338.1
LOC132346602	+	69768745	69912787	LOC132346602	NC_037338.1
LOC132346519	+	70052797	70068175	LOC132346519	NC_037338.1
PCARE	+	70760472	70769656	PCARE	NC_037338.1
TRNAS-GGA-69	+	70792248	70792320	TRNAS-GGA	NC_037338.1
TRNAG-CCC-98	+	71145995	71146067	TRNAG-CCC	NC_037338.1
RBKS	+	71835919	71930871	RBKS	NC_037338.1
LOC101905151	+	71974015	71980999	LOC101905151	NC_037338.1
SUPT7L	+	72030387	72044629	SUPT7L	NC_037338.1
CCDC121	+	72067379	72071717	CCDC121	NC_037338.1
FNDC4	+	72189795	72192917	FNDC4	NC_037338.1
IFT172	+	72195070	72232646	IFT172	NC_037338.1
PPM1G	+	72262361	72282780	PPM1G	NC_037338.1
ZNF513	+	72283174	72286788	ZNF513	NC_037338.1
GTF3C2	+	72300947	72321632	GTF3C2	NC_037338.1
UCN	+	72334888	72336638	UCN	NC_037338.1
SLC30A3	+	72371683	72382875	SLC30A3	NC_037338.1
SLC5A6	+	72419508	72430694	SLC5A6	NC_037338.1
LOC132346604	+	72460418	72473032	LOC132346604	NC_037338.1
PRR30	+	72500952	72503539	PRR30	NC_037338.1
PREB	+	72504550	72508647	PREB	NC_037338.1
CGREF1	+	72519762	72536221	CGREF1	NC_037338.1
OST4	+	72565889	72567098	OST4	NC_037338.1
CIB4	+	72930051	72983050	CIB4	NC_037338.1
OTOF	+	73006450	73094541	OTOF	NC_037338.1
MIR2284Y-1	+	73169115	73169238	MIR2284Y-1	NC_037338.1
ADGRF3	+	73204745	73220900	ADGRF3	NC_037338.1
LOC132346607	+	73317184	73354788	LOC132346607	NC_037338.1
TRNAC-ACA-113	+	73397301	73397373	TRNAC-ACA	NC_037338.1
KIF3C	+	73459671	73495510	KIF3C	NC_037338.1
DTNB	+	73701664	73943416	DTNB	NC_037338.1
DNMT3A	+	73971517	74074893	DNMT3A	NC_037338.1
MIR1301	+	73985189	73985268	MIR1301	NC_037338.1
POMC	+	74117369	74124990	POMC	NC_037338.1
DNAJC27	+	74272514	74310528	DNAJC27	NC_037338.1
ADCY3	+	74334641	74418321	ADCY3	NC_037338.1
PTRHD1	+	74433206	74436983	PTRHD1	NC_037338.1
PFN4	+	74974219	74978082	PFN4	NC_037338.1
TP53I3	+	74983559	74989608	TP53I3	NC_037338.1
SF3B6	+	74990095	74998220	SF3B6	NC_037338.1
WDCP	+	75015911	75031333	WDCP	NC_037338.1
LOC112448815	+	75081306	75082355	LOC112448815	NC_037338.1
LOC132346609	+	75699213	75770581	LOC132346609	NC_037338.1
LOC107132944	+	75836267	75886812	LOC107132944	NC_037338.1
LOC107132945	+	75943147	75975807	LOC107132945	NC_037338.1
LOC101908123	+	76042504	76061653	LOC101908123	NC_037338.1
MIR2285AF-1	+	77398097	77398184	MIR2285AF-1	NC_037338.1
APOB	+	77885995	77927965	APOB	NC_037338.1
LDAH	+	78103116	78123670	LDAH	NC_037338.1
HS1BP3	+	78220809	78257448	HS1BP3	NC_037338.1
PUM2	+	78486747	78604377	PUM2	NC_037338.1
SDC1	+	78629631	78653584	SDC1	NC_037338.1
LAPTM4A	+	78796769	78814735	LAPTM4A	NC_037338.1
WDR35	+	78846487	78898479	WDR35	NC_037338.1
TTC32	+	78904244	78910954	TTC32	NC_037338.1
LOC132346614	+	79188143	79189280	LOC132346614	NC_037338.1
TRNAY-GUA-35	+	79284311	79284382	TRNAY-GUA	NC_037338.1
OSR1	+	79406010	79413111	OSR1	NC_037338.1
NT5C1B	+	80143685	80157735	NT5C1B	NC_037338.1
LOC112448977	+	80150347	80150453	LOC112448977	NC_037338.1
RDH14	+	80160589	80165501	RDH14	NC_037338.1
CYRIA	+	81786134	81885698	CYRIA	NC_037338.1
NBAS	+	82739293	83207344	NBAS	NC_037338.1
SCGB1C1	+	82860068	82861963	SCGB1C1	NC_037338.1
ODF3	+	82862136	82866371	ODF3	NC_037338.1
PSMD13	+	82902909	82922654	PSMD13	NC_037338.1
PGGHG	+	82956672	82968576	PGGHG	NC_037338.1
TRNAC-ACA-116	+	83492393	83492465	TRNAC-ACA	NC_037338.1
LOC132346622	+	86164247	86170080	LOC132346622	NC_037338.1
E2F6	+	86379649	86401983	E2F6	NC_037338.1
ROCK2	+	86489043	86617614	ROCK2	NC_037338.1
LOC101904759	+	86655450	86740645	LOC101904759	NC_037338.1
PDIA6	+	86859610	86882949	PDIA6	NC_037338.1
LOC132346623	+	86942979	86948345	LOC132346623	NC_037338.1
NOL10	+	86971481	87061429	NOL10	NC_037338.1
LOC132346523	+	87128435	87129727	LOC132346523	NC_037338.1
TRNAE-UUC-65	+	87191308	87191380	TRNAE-UUC	NC_037338.1
ODC1	+	87197614	87204764	ODC1	NC_037338.1
LOC112448922	+	87198961	87199092	LOC112448922	NC_037338.1
CYS1	+	87524720	87543846	CYS1	NC_037338.1
LOC132346625	+	87822819	87846682	LOC132346625	NC_037338.1
YWHAQ	+	87862015	87893173	YWHAQ	NC_037338.1
ADAM17	+	87917595	87961887	ADAM17	NC_037338.1
ITGB1BP1	+	88013853	88032446	ITGB1BP1	NC_037338.1
MIR2298	+	88346339	88346407	MIR2298	NC_037338.1
MBOAT2	+	88363084	88470846	MBOAT2	NC_037338.1
KIDINS220	+	88488062	88584287	KIDINS220	NC_037338.1
LOC101905845	+	88610367	88630423	LOC101905845	NC_037338.1
LOC101906030	+	88808867	88816339	LOC101906030	NC_037338.1
LOC132346524	+	88968802	88969607	LOC132346524	NC_037338.1
LOC112448884	+	88971539	89054306	LOC112448884	NC_037338.1
TRNAC-GCA-129	+	89983640	89983711	TRNAC-GCA	NC_037338.1
CMPK2	+	90068133	90085403	CMPK2	NC_037338.1
LOC132346628	+	90458782	90461033	LOC132346628	NC_037338.1
TRNAY-GUA-36	+	90688639	90688710	TRNAY-GUA	NC_037338.1
TRNAS-ACU-2	+	91466323	91466395	TRNAS-ACU	NC_037338.1
DAB2IP	+	92474713	92688338	DAB2IP	NC_037338.1
LOC112448832	+	92577013	92583805	LOC112448832	NC_037338.1
MORN5	+	93046908	93081438	MORN5	NC_037338.1
MRRF	+	93139778	93196375	MRRF	NC_037338.1
LOC132346631	+	93199675	93208516	LOC132346631	NC_037338.1
PTGS1	+	93236344	93262105	PTGS1	NC_037338.1
OR1J32	+	93492129	93493070	OR1J32	NC_037338.1
OR1J31	+	93525906	93526847	OR1J31	NC_037338.1
OR1J26	+	93582524	93583459	OR1J26	NC_037338.1
OR1N1	+	93604203	93634064	OR1N1	NC_037338.1
OR1AK3	+	93697087	93698031	OR1AK3	NC_037338.1
OR1J28	+	93710855	93711799	OR1J28	NC_037338.1
LOC112448833	+	93718317	93719355	LOC112448833	NC_037338.1
LOC619026	+	93718794	93727488	LOC619026	NC_037338.1
OR1L22	+	93791101	93792033	OR1L22	NC_037338.1
OR1L1	+	93801569	93802501	OR1L1	NC_037338.1
OR1L19	+	93812422	93813564	OR1L19	NC_037338.1
OR1L6C	+	93856853	93857776	OR1L6C	NC_037338.1
OR1AF1	+	93904491	93905420	OR1AF1	NC_037338.1
OR1AH3	+	93911379	93912311	OR1AH3	NC_037338.1
OR1AH6	+	93939052	93939945	OR1AH6	NC_037338.1
OR5C1	+	93963867	93964991	OR5C1	NC_037338.1
LOC112448834	+	94079688	94080926	LOC112448834	NC_037338.1
RABGAP1	+	94096261	94265559	RABGAP1	NC_037338.1
TRNAG-UCC-60	+	94127747	94127819	TRNAG-UCC	NC_037338.1
GPR21	+	94189213	94191396	GPR21	NC_037338.1
LOC132346632	+	94447142	94480263	LOC132346632	NC_037338.1
CRB2	+	94503894	94528478	CRB2	NC_037338.1
LHX2	+	95125097	95144837	LHX2	NC_037338.1
LOC132346634	+	95227680	95229717	LOC132346634	NC_037338.1
ADGRD2	+	95481783	95510797	ADGRD2	NC_037338.1
LOC100848407	+	95672251	95719256	LOC100848407	NC_037338.1
MIR181A-2	+	95708973	95709082	MIR181A-2	NC_037338.1
MIR181B-2	+	95710188	95710276	MIR181B-2	NC_037338.1
OLFML2A	+	95780328	95808984	OLFML2A	NC_037338.1
LOC112448901	+	95816808	95816912	LOC112448901	NC_037338.1
WDR38	+	95845514	95850467	WDR38	NC_037338.1
RABEPK	+	96091167	96113928	RABEPK	NC_037338.1
GAPVD1	+	96142919	96219061	GAPVD1	NC_037338.1
LOC112448953	+	96269517	96269629	LOC112448953	NC_037338.1
MVB12B	+	97112046	97306624	MVB12B	NC_037338.1
LMX1B	+	97399928	97486794	LMX1B	NC_037338.1
ZBTB43	+	97584379	97613165	ZBTB43	NC_037338.1
ZBTB34	+	97633671	97659991	ZBTB34	NC_037338.1
SLC2A8	+	98149418	98158448	SLC2A8	NC_037338.1
ZNF79	+	98162322	98178001	ZNF79	NC_037338.1
LRSAM1	+	98183914	98217754	LRSAM1	NC_037338.1
STXBP1	+	98313544	98381350	STXBP1	NC_037338.1
CFAP157	+	98387353	98393495	CFAP157	NC_037338.1
TTC16	+	98396191	98411785	TTC16	NC_037338.1
CDK9	+	98461938	98466338	CDK9	NC_037338.1
FPGS	+	98472685	98496940	FPGS	NC_037338.1
LOC132346636	+	98603859	98607340	LOC132346636	NC_037338.1
SLC25A25	+	98708672	98748919	SLC25A25	NC_037338.1
LCN2	+	98781839	98785927	LCN2	NC_037338.1
BBLN	+	98789901	98793301	BBLN	NC_037338.1
DNM1	+	98822587	98866068	DNM1	NC_037338.1
MIR3604-2	+	98855756	98855828	MIR3604-2	NC_037338.1
LOC132346638	+	98870976	98873732	LOC132346638	NC_037338.1
COQ4	+	98918803	98933125	COQ4	NC_037338.1
SLC27A4	+	98945593	98959917	SLC27A4	NC_037338.1
URM1	+	98967374	98984644	URM1	NC_037338.1
LOC112448949	+	98994775	98994984	LOC112448949	NC_037338.1
CERCAM	+	99004851	99017658	CERCAM	NC_037338.1
ODF2	+	99034278	99064283	ODF2	NC_037338.1
GLE1	+	99065765	99091384	GLE1	NC_037338.1
SPTAN1	+	99101240	99159309	SPTAN1	NC_037338.1
SET	+	99200794	99206521	SET	NC_037338.1
PKN3	+	99211376	99224634	PKN3	NC_037338.1
LOC101908339	+	99228137	99232732	LOC101908339	NC_037338.1
LOC112448965	+	99270903	99271006	LOC112448965	NC_037338.1
TBC1D13	+	99276429	99292295	TBC1D13	NC_037338.1
LOC132346505	+	99305877	99311241	LOC132346505	NC_037338.1
LRRC8A	+	99394187	99421579	LRRC8A	NC_037338.1
PHYHD1	+	99424408	99441357	PHYHD1	NC_037338.1
MIGA2	+	99509739	99535593	MIGA2	NC_037338.1
DOLPP1	+	99546701	99556056	DOLPP1	NC_037338.1
PTPA	+	99571844	99604793	PTPA	NC_037338.1
MIR12056	+	99603941	99604029	MIR12056	NC_037338.1
LOC112448841	+	99771374	99798397	LOC112448841	NC_037338.1
LOC132346639	+	99838101	99862894	LOC132346639	NC_037338.1
LOC101904916	+	99896068	99918599	LOC101904916	NC_037338.1
NTMT1	+	100016890	100029018	NTMT1	NC_037338.1
TOR1B	+	100188060	100195295	TOR1B	NC_037338.1
USP20	+	100215012	100259217	USP20	NC_037338.1
GPR107	+	100410491	100462717	GPR107	NC_037338.1
NCS1	+	100490264	100545927	NCS1	NC_037338.1
HMCN2	+	100580722	100758581	HMCN2	NC_037338.1
ASS1	+	100770227	100822223	ASS1	NC_037338.1
FUBP3	+	100882246	100931851	FUBP3	NC_037338.1
PRDM12	+	100949768	100967798	PRDM12	NC_037338.1
TRNAG-CCC-99	+	101156184	101156256	TRNAG-CCC	NC_037338.1
LAMC3	+	101225296	101292919	LAMC3	NC_037338.1
AIF1L	+	101296774	101321916	AIF1L	NC_037338.1
NUP214	+	101323359	101414345	NUP214	NC_037338.1
LOC112448913	+	101607876	101607961	LOC112448913	NC_037338.1
LOC112448912	+	101611878	101611963	LOC112448912	NC_037338.1
POMT1	+	101623025	101642817	POMT1	NC_037338.1
PRRT1B	+	101652927	101696975	PRRT1B	NC_037338.1
LOC100847981	+	102123187	102125840	LOC100847981	NC_037338.1
NTNG2	+	102250915	102322577	NTNG2	NC_037338.1
LOC100848025	+	102439050	102446044	LOC100848025	NC_037338.1
LOC132346643	+	102458711	102460386	LOC132346643	NC_037338.1
CFAP77	+	102484990	102638877	CFAP77	NC_037338.1
BARHL1	+	102648440	102654991	BARHL1	NC_037338.1
GFI1B	+	102999730	103012074	GFI1B	NC_037338.1
GTF3C5	+	103037457	103056301	GTF3C5	NC_037338.1
LOC112448852	+	103161632	103164455	LOC112448852	NC_037338.1
LOC104975788	+	103170937	103186162	LOC104975788	NC_037338.1
LOC100848610	+	103237890	103244121	LOC100848610	NC_037338.1
LCN9	+	103280205	103284436	LCN9	NC_037338.1
LOC101907995	+	103601095	103610808	LOC101907995	NC_037338.1
LOC132346646	+	103661812	103663438	LOC132346646	NC_037338.1
GPSM1	+	103782879	103818406	GPSM1	NC_037338.1
PMPCA	+	103865177	103875087	PMPCA	NC_037338.1
LOC132346648	+	103980142	103984404	LOC132346648	NC_037338.1
DIPK1B	+	104119043	104127341	DIPK1B	NC_037338.1
LOC112448956	+	104181329	104181435	LOC112448956	NC_037338.1
RPL7A	+	104255845	104259161	RPL7A	NC_037338.1
LOC112448907	+	104256297	104256371	LOC112448907	NC_037338.1
LOC112448908	+	104257030	104257100	LOC112448908	NC_037338.1
LOC112448904	+	104257793	104257867	LOC112448904	NC_037338.1
LOC112448903	+	104258195	104258267	LOC112448903	NC_037338.1
LOC112448905	+	104258594	104258658	LOC112448905	NC_037338.1
SURF2	+	104263230	104267218	SURF2	NC_037338.1
STKLD1	+	104275197	104303282	STKLD1	NC_037338.1
ADAMTS13	+	104318041	104351583	ADAMTS13	NC_037338.1
CACFD1	+	104352236	104361245	CACFD1	NC_037338.1
LOC112448858	+	104384493	104390998	LOC112448858	NC_037338.1
ADAMTSL2	+	104416446	104449649	ADAMTSL2	NC_037338.1
DBH	+	104498728	104516525	DBH	NC_037338.1
LOC132346651	+	104582061	104590362	LOC132346651	NC_037338.1
BRD3OS	+	104799530	104803935	BRD3OS	NC_037338.1
WDR5	+	104868400	104883130	WDR5	NC_037338.1
LOC132346650	+	104916482	104921967	LOC132346650	NC_037338.1
COL5A1	+	105268092	105419307	COL5A1	NC_037338.1
OLFM1	+	105560462	105598419	OLFM1	NC_037338.1
LOC132346652	+	105758891	105761715	LOC132346652	NC_037338.1
PPP1R26	+	105803458	105811907	PPP1R26	NC_037338.1
MRPS2	+	105822041	105825257	MRPS2	NC_037338.1
LOC132346653	+	105862997	105867235	LOC132346653	NC_037338.1
LCN15	+	105873220	105876938	LCN15	NC_037338.1
LCN8	+	105877497	105882019	LCN8	NC_037338.1
LOC100295548	+	105883138	105885773	LOC100295548	NC_037338.1
TMEM141	+	105895740	105897520	TMEM141	NC_037338.1
RABL6	+	105908930	105928079	RABL6	NC_037338.1
PHPT1	+	105936889	105938333	PHPT1	NC_037338.1
MAMDC4	+	105938635	105947871	MAMDC4	NC_037338.1
TRAF2	+	105961170	105976984	TRAF2	NC_037338.1
C8G	+	105985457	105987621	C8G	NC_037338.1
PTGDS	+	106021915	106024969	PTGDS	NC_037338.1
PAXX	+	106039639	106041218	PAXX	NC_037338.1
LOC101907970	+	106086510	106093527	LOC101907970	NC_037338.1
UAP1L1	+	106108177	106114185	UAP1L1	NC_037338.1
MAN1B1	+	106117630	106128945	MAN1B1	NC_037338.1
MIR12014	+	106207731	106207786	MIR12014	NC_037338.1
SSNA1	+	106210967	106212439	SSNA1	NC_037338.1
LOC104973517	+	106233497	106235646	LOC104973517	NC_037338.1
CYSRT1	+	106240675	106241679	CYSRT1	NC_037338.1
RNF224	+	106243283	106244126	RNF224	NC_037338.1
SLC34A3	+	106245252	106253854	SLC34A3	NC_037338.1
TUBB4B	+	106254814	106257255	TUBB4B	NC_037338.1
STPG3	+	106262644	106264311	STPG3	NC_037338.1
NELFB	+	106264508	106274378	NELFB	NC_037338.1
TOR4A	+	106276988	106279282	TOR4A	NC_037338.1
LOC132346654	+	106382210	106392681	LOC132346654	NC_037338.1
MRPL41	+	106520891	106521531	MRPL41	NC_037338.1
ARRDC1	+	106567605	106575152	ARRDC1	NC_037338.1
EHMT1	+	106578540	106688086	EHMT1	NC_037338.1
DIAPH3	+	2180834	2744447	DIAPH3	NC_037339.1
LOC132346732	+	2314591	2321697	LOC132346732	NC_037339.1
LOC112449031	+	2939194	2985919	LOC112449031	NC_037339.1
LOC132346735	+	3992055	3997584	LOC132346735	NC_037339.1
LOC132346734	+	4003098	4045239	LOC132346734	NC_037339.1
LOC112449179	+	4081594	4081760	LOC112449179	NC_037339.1
LOC132346711	+	4686820	4693396	LOC132346711	NC_037339.1
LOC112449165	+	7921780	7921886	LOC112449165	NC_037339.1
LOC132346737	+	8784402	8789348	LOC132346737	NC_037339.1
LOC100141168	+	9242454	9297180	LOC100141168	NC_037339.1
TRNAC-GCA-133	+	10038551	10038622	TRNAC-GCA	NC_037339.1
TRNAG-UCC-65	+	10436824	10436896	TRNAG-UCC	NC_037339.1
PCDH8	+	10908587	10914329	PCDH8	NC_037339.1
TRNAG-UCC-66	+	11006840	11006912	TRNAG-UCC	NC_037339.1
CNMD	+	11051611	11094915	CNMD	NC_037339.1
LOC132346739	+	11142892	11168615	LOC132346739	NC_037339.1
WBP4	+	11277083	11299448	WBP4	NC_037339.1
NAA16	+	11478920	11542798	NAA16	NC_037339.1
DGKH	+	12164753	12383031	DGKH	NC_037339.1
AKAP11	+	12410708	12462504	AKAP11	NC_037339.1
LOC112449032	+	12898971	12910936	LOC112449032	NC_037339.1
TRNAG-CCC-100	+	13000445	13000517	TRNAG-CCC	NC_037339.1
DNAJC15	+	13141604	13223927	DNAJC15	NC_037339.1
LOC112449034	+	13789327	13796027	LOC112449034	NC_037339.1
LOC107132987	+	14017799	14028835	LOC107132987	NC_037339.1
SERP2	+	14620269	14645489	SERP2	NC_037339.1
LOC107132988	+	14961729	14966784	LOC107132988	NC_037339.1
TRNAC-ACA-119	+	15006007	15006080	TRNAC-ACA	NC_037339.1
GPALPP1	+	15157211	15191088	GPALPP1	NC_037339.1
GTF2F2	+	15282710	15418924	GTF2F2	NC_037339.1
SLC25A30	+	15541390	15565521	SLC25A30	NC_037339.1
COG3	+	15582729	15643517	COG3	NC_037339.1
MIR2285H	+	15629877	15629965	MIR2285H	NC_037339.1
LOC101902486	+	15826417	15846268	LOC101902486	NC_037339.1
LOC112449123	+	15958894	15964417	LOC112449123	NC_037339.1
LOC101902786	+	16231479	16232422	LOC101902786	NC_037339.1
LRRC63	+	16312403	16346892	LRRC63	NC_037339.1
LOC132346740	+	16752104	16809051	LOC132346740	NC_037339.1
LOC132346741	+	17911273	17929368	LOC132346741	NC_037339.1
ITM2B	+	18036781	18061776	ITM2B	NC_037339.1
TRNAW-CCA-67	+	18744979	18745050	TRNAW-CCA	NC_037339.1
CDADC1	+	18867221	18898023	CDADC1	NC_037339.1
SETDB2	+	19016183	19052153	SETDB2	NC_037339.1
LOC132346702	+	19172333	19173240	LOC132346702	NC_037339.1
ARL11	+	19179803	19197918	ARL11	NC_037339.1
MIR3613B	+	19447852	19447906	MIR3613B	NC_037339.1
TRIM13	+	19448143	19461452	TRIM13	NC_037339.1
LOC132346703	+	19584887	19592950	LOC132346703	NC_037339.1
LOC112449044	+	20086162	20218918	LOC112449044	NC_037339.1
RNASEH2B	+	20346942	20423424	RNASEH2B	NC_037339.1
FAM124A	+	20592677	20710294	FAM124A	NC_037339.1
TRNAR-UCU-12	+	20621362	20621434	TRNAR-UCU	NC_037339.1
SERPINE3	+	20784497	20816398	SERPINE3	NC_037339.1
WDFY2	+	21011900	21204000	WDFY2	NC_037339.1
VPS36	+	21615450	21647321	VPS36	NC_037339.1
THSD1	+	21651408	21679255	THSD1	NC_037339.1
LOC112449168	+	21676064	21676195	LOC112449168	NC_037339.1
MRPS31	+	21839930	21865293	MRPS31	NC_037339.1
FOXO1	+	21900289	21993937	FOXO1	NC_037339.1
LOC132346745	+	22115481	22415889	LOC132346745	NC_037339.1
LOC112449125	+	22518844	22524298	LOC112449125	NC_037339.1
LOC132346747	+	23171702	23177975	LOC132346747	NC_037339.1
PROSER1	+	23219480	23251157	PROSER1	NC_037339.1
STOML3	+	23258035	23285130	STOML3	NC_037339.1
TRPC4	+	23965281	24173431	TRPC4	NC_037339.1
POSTN	+	24219371	24254425	POSTN	NC_037339.1
SUPT20H	+	24646287	24685744	SUPT20H	NC_037339.1
ALG5	+	24695167	24722644	ALG5	NC_037339.1
SMAD9	+	24731849	24798689	SMAD9	NC_037339.1
LOC101904963	+	24809885	24812729	LOC101904963	NC_037339.1
LOC112449127	+	24859151	24860536	LOC112449127	NC_037339.1
CCDC169	+	25208935	25245911	CCDC169	NC_037339.1
DCLK1	+	25340421	25695337	DCLK1	NC_037339.1
MAB21L1	+	25976904	25979336	MAB21L1	NC_037339.1
LOC112449112	+	25982212	26007176	LOC112449112	NC_037339.1
TRNAY-AUA-20	+	26252006	26252077	TRNAY-AUA	NC_037339.1
TRNAC-GCA-134	+	26575557	26575628	TRNAC-GCA	NC_037339.1
STARD13	+	27520086	28013411	STARD13	NC_037339.1
N4BP2L2	+	28524464	28558223	N4BP2L2	NC_037339.1
N4BP2L1	+	28591644	28614279	N4BP2L1	NC_037339.1
LOC132346706	+	28622426	28653222	LOC132346706	NC_037339.1
LOC132346749	+	29589638	29617705	LOC132346749	NC_037339.1
HSPH1	+	29796159	29819631	HSPH1	NC_037339.1
TRNAC-GCA-137	+	30287485	30287556	TRNAC-GCA	NC_037339.1
LOC112449053	+	30344957	30377409	LOC112449053	NC_037339.1
KATNAL1	+	30478410	30537549	KATNAL1	NC_037339.1
TRNAG-UCC-68	+	30569500	30569572	TRNAG-UCC	NC_037339.1
LOC132346760	+	30872797	30886166	LOC132346760	NC_037339.1
SLC7A1	+	30934146	30996703	SLC7A1	NC_037339.1
SLC46A3	+	31440779	31458812	SLC46A3	NC_037339.1
LOC101904156	+	31482917	31508219	LOC101904156	NC_037339.1
FLT1	+	31624080	31829381	FLT1	NC_037339.1
MIR2300B	+	31797033	31797106	MIR2300B	NC_037339.1
FLT3	+	31990104	32060002	FLT3	NC_037339.1
URAD	+	32066673	32075892	URAD	NC_037339.1
CDX2	+	32083554	32089291	CDX2	NC_037339.1
MTIF3	+	32473420	32486423	MTIF3	NC_037339.1
LOC132346763	+	32621703	32626846	LOC132346763	NC_037339.1
USP12	+	32655257	32715128	USP12	NC_037339.1
GPR12	+	32872542	32875852	GPR12	NC_037339.1
LOC112449057	+	33001783	33006814	LOC112449057	NC_037339.1
RNF6	+	33169213	33179029	RNF6	NC_037339.1
LOC536660	+	33212843	33308645	LOC536660	NC_037339.1
MTMR6	+	33932078	33968534	MTMR6	NC_037339.1
AMER2	+	33988464	33998867	AMER2	NC_037339.1
SPATA13	+	34001091	34291522	SPATA13	NC_037339.1
C1QTNF9	+	34293668	34301639	C1QTNF9	NC_037339.1
MIPEP	+	34304889	34390723	MIPEP	NC_037339.1
SACS	+	34604443	34673226	SACS	NC_037339.1
LOC132346769	+	35400181	35401807	LOC132346769	NC_037339.1
MICU2	+	35458662	35512371	MICU2	NC_037339.1
SKA3	+	35583971	35597394	SKA3	NC_037339.1
LATS2	+	35649270	35700350	LATS2	NC_037339.1
XPO4	+	35700893	35793411	XPO4	NC_037339.1
EEF1AKMT1	+	35793830	35817784	EEF1AKMT1	NC_037339.1
CRYL1	+	35928798	35985471	CRYL1	NC_037339.1
GJB2	+	36076842	36081884	GJB2	NC_037339.1
ZMYM5	+	36235480	36261519	ZMYM5	NC_037339.1
TRNAC-ACA-120	+	37077663	37077737	TRNAC-ACA	NC_037339.1
LOC781692	+	37397630	37398443	LOC781692	NC_037339.1
LOC112449129	+	39005699	39009819	LOC112449129	NC_037339.1
LOC112449180	+	39364285	39364355	LOC112449180	NC_037339.1
LOC132346773	+	40331993	40354885	LOC132346773	NC_037339.1
LOC132346714	+	41709064	41761198	LOC132346714	NC_037339.1
LOC132346715	+	42055471	42100312	LOC132346715	NC_037339.1
LOC132346775	+	46607702	46608587	LOC132346775	NC_037339.1
TRNAC-ACA-121	+	46763938	46764009	TRNAC-ACA	NC_037339.1
PIBF1	+	47532909	47766598	PIBF1	NC_037339.1
KLF5	+	47795482	47818776	KLF5	NC_037339.1
LOC132346777	+	48216801	48292447	LOC132346777	NC_037339.1
LOC132346717	+	48378527	48380328	LOC132346717	NC_037339.1
TRNAY-AUA-21	+	50186209	50186280	TRNAY-AUA	NC_037339.1
LOC101907166	+	50561762	50570775	LOC101907166	NC_037339.1
UCHL3	+	50599725	50648823	UCHL3	NC_037339.1
MIR2285AB	+	50779392	50779450	MIR2285AB	NC_037339.1
LOC112449154	+	51078999	51079105	LOC112449154	NC_037339.1
LOC132346718	+	51088618	51105120	LOC132346718	NC_037339.1
LOC101902043	+	51811492	51829612	LOC101902043	NC_037339.1
ACOD1	+	52068853	52076850	ACOD1	NC_037339.1
LOC112449132	+	52531652	52534044	LOC112449132	NC_037339.1
SCEL	+	52683433	52808588	SCEL	NC_037339.1
SLAIN1	+	52840141	52892777	SLAIN1	NC_037339.1
MIR2284S	+	52903108	52903175	MIR2284S	NC_037339.1
LOC112449158	+	53853456	53853562	LOC112449158	NC_037339.1
LOC112449133	+	54002898	54005349	LOC112449133	NC_037339.1
LOC112449162	+	54166027	54166131	LOC112449162	NC_037339.1
LOC112449159	+	54327032	54327135	LOC112449159	NC_037339.1
NDFIP2	+	54578637	54649183	NDFIP2	NC_037339.1
LOC617043	+	54703672	54705594	LOC617043	NC_037339.1
LOC104973609	+	54735631	54957277	LOC104973609	NC_037339.1
LOC132346709	+	57742018	57742617	LOC132346709	NC_037339.1
TRNAC-GCA-144	+	58949737	58949808	TRNAC-GCA	NC_037339.1
LOC112449134	+	59228982	59235555	LOC112449134	NC_037339.1
TRNAQ-CUG-13	+	61887272	61887343	TRNAQ-CUG	NC_037339.1
SLITRK5	+	62292282	62301883	SLITRK5	NC_037339.1
LOC132346722	+	63107840	63198523	LOC132346722	NC_037339.1
LOC132346723	+	63246877	63257185	LOC132346723	NC_037339.1
LOC112449163	+	63819840	63819944	LOC112449163	NC_037339.1
LOC132346724	+	65138943	65210059	LOC132346724	NC_037339.1
LOC101907906	+	65451305	65485115	LOC101907906	NC_037339.1
MIR17	+	65689417	65689500	MIR17	NC_037339.1
MIR18A	+	65689560	65689630	MIR18A	NC_037339.1
MIR19A	+	65689699	65689780	MIR19A	NC_037339.1
MIR20A	+	65689868	65689938	MIR20A	NC_037339.1
MIR19B	+	65689996	65690082	MIR19B	NC_037339.1
MIR2285CW-1	+	66702801	66702857	MIR2285CW-1	NC_037339.1
GPC6	+	67702246	68933809	GPC6	NC_037339.1
TRNAE-UUC-71	+	68307229	68307300	TRNAE-UUC	NC_037339.1
LOC784305	+	69985390	70237226	LOC784305	NC_037339.1
LOC100851552	+	70255058	70338868	LOC100851552	NC_037339.1
LOC523431	+	70739579	70785900	LOC523431	NC_037339.1
LOC100337053	+	70791883	71843698	LOC100337053	NC_037339.1
LOC107131218	+	71541159	71607867	LOC107131218	NC_037339.1
LOC132346789	+	71608851	71617221	LOC132346789	NC_037339.1
LOC112449072	+	72403133	72446092	LOC112449072	NC_037339.1
LOC104970698	+	72511518	72614127	LOC104970698	NC_037339.1
CLDN10	+	72904648	73009452	CLDN10	NC_037339.1
DNAJC3	+	73095399	73160534	DNAJC3	NC_037339.1
HS6ST3	+	73363796	74076341	HS6ST3	NC_037339.1
MBNL2	+	74410787	74572581	MBNL2	NC_037339.1
RAP2A	+	74633725	74673056	RAP2A	NC_037339.1
FARP1	+	75149648	75458745	FARP1	NC_037339.1
UBAC2	+	76079638	76250106	UBAC2	NC_037339.1
LOC132346792	+	76288914	76326428	LOC132346792	NC_037339.1
LOC101905905	+	76336426	76342234	LOC101905905	NC_037339.1
TM9SF2	+	76343402	76394962	TM9SF2	NC_037339.1
TRNAG-CCC-106	+	76406114	76406186	TRNAG-CCC	NC_037339.1
CLYBL	+	76430701	76662333	CLYBL	NC_037339.1
TRNAG-CCC-107	+	76507110	76507182	TRNAG-CCC	NC_037339.1
ZIC2	+	76738408	76742927	ZIC2	NC_037339.1
PCCA	+	76754289	77174973	PCCA	NC_037339.1
LOC104973657	+	78293408	78295874	LOC104973657	NC_037339.1
LOC132346793	+	78729236	78732273	LOC132346793	NC_037339.1
LOC104973658	+	78843882	78848344	LOC104973658	NC_037339.1
TPP2	+	78857739	78916350	TPP2	NC_037339.1
BIVM	+	79030034	79076215	BIVM	NC_037339.1
LOC101906511	+	79067880	79069282	LOC101906511	NC_037339.1
ERCC5	+	79079749	79107518	ERCC5	NC_037339.1
METTL21E	+	79112916	79128997	METTL21E	NC_037339.1
LOC112449139	+	79475498	79483550	LOC112449139	NC_037339.1
LOC132346794	+	79492118	79506655	LOC132346794	NC_037339.1
LOC132346728	+	79602814	79612805	LOC132346728	NC_037339.1
LOC132346729	+	80186826	80218949	LOC132346729	NC_037339.1
TRNAC-ACA-122	+	80377325	80377396	TRNAC-ACA	NC_037339.1
LOC132346730	+	80687714	80696997	LOC132346730	NC_037339.1
TRNAS-GGA-73	+	81924891	81924963	TRNAS-GGA	NC_037339.1
LOC112449143	+	81999772	82009112	LOC112449143	NC_037339.1
LOC132346796	+	82176280	82179684	LOC132346796	NC_037339.1
LOC112449087	+	82341071	82347557	LOC112449087	NC_037339.1
LOC132346797	+	83052461	83052935	LOC132346797	NC_037339.1
LOC132346798	+	83125448	83130132	LOC132346798	NC_037339.1
ABHD13	+	83602622	83622810	ABHD13	NC_037339.1
TNFSF13B	+	83641493	83673073	TNFSF13B	NC_037339.1
MYO16	+	83780413	84299536	MYO16	NC_037339.1
TRNAY-AUA-22	+	84239056	84239127	TRNAY-AUA	NC_037339.1
LOC132346800	+	84362196	84371007	LOC132346800	NC_037339.1
COL4A2	+	84996172	85157766	COL4A2	NC_037339.1
NAXD	+	85224894	85238032	NAXD	NC_037339.1
ING1	+	85262812	85269197	ING1	NC_037339.1
LOC112449092	+	85375889	85377689	LOC112449092	NC_037339.1
ARHGEF7	+	85435074	85537686	ARHGEF7	NC_037339.1
TEX29	+	85542292	85552388	TEX29	NC_037339.1
SPACA7	+	86167304	86183238	SPACA7	NC_037339.1
LOC112449096	+	86280557	86282606	LOC112449096	NC_037339.1
LOC112449097	+	86288274	86310604	LOC112449097	NC_037339.1
MCF2L	+	86398615	86489884	MCF2L	NC_037339.1
F7	+	86491667	86499913	F7	NC_037339.1
F10	+	86500292	86513750	F10	NC_037339.1
PROZ	+	86516153	86525632	PROZ	NC_037339.1
CUL4A	+	86545347	86573855	CUL4A	NC_037339.1
LAMP1	+	86593310	86605278	LAMP1	NC_037339.1
TFDP1	+	86721167	86738803	TFDP1	NC_037339.1
GRK1	+	86752867	86766529	GRK1	NC_037339.1
TMEM255B	+	86773966	86806298	TMEM255B	NC_037339.1
LOC112449104	+	86907700	86908904	LOC112449104	NC_037339.1
CFAP97D2	+	87009938	87022935	CFAP97D2	NC_037339.1
CDC16	+	87032010	87058543	CDC16	NC_037339.1
MIR2303	+	87039058	87039136	MIR2303	NC_037339.1
UPF3A	+	87064198	87083043	UPF3A	NC_037339.1
LOC112449111	+	87178951	87213805	LOC112449111	NC_037339.1
LOC132346810	+	87215040	87215563	LOC132346810	NC_037339.1
LOC788064	+	436224	437174	LOC788064	NC_037340.1
PLCB1	+	932890	1794155	PLCB1	NC_037340.1
TRNAW-CCA-71	+	1656974	1657046	TRNAW-CCA	NC_037340.1
LOC112449370	+	1952000	1959377	LOC112449370	NC_037340.1
PLCB4	+	2021105	2503504	PLCB4	NC_037340.1
LAMP5	+	2534258	2552701	LAMP5	NC_037340.1
SNAP25	+	3478006	3561820	SNAP25	NC_037340.1
LOC132346851	+	4031974	4041248	LOC132346851	NC_037340.1
BTBD3	+	5441663	5474987	BTBD3	NC_037340.1
LOC107133022	+	5771013	5771360	LOC107133022	NC_037340.1
SPTLC3	+	6599456	6747913	SPTLC3	NC_037340.1
ISM1	+	6817027	6912206	ISM1	NC_037340.1
NDUFAF5	+	7387046	7412144	NDUFAF5	NC_037340.1
MACROD2	+	7552593	9883237	MACROD2	NC_037340.1
LOC132346873	+	7757591	7788635	LOC132346873	NC_037340.1
MIR2285N-2	+	8491616	8491696	MIR2285N-2	NC_037340.1
OTOR	+	10586416	10589035	OTOR	NC_037340.1
LOC513969	+	10820681	10900538	LOC513969	NC_037340.1
LOC615768	+	10985765	11003358	LOC615768	NC_037340.1
LOC112449366	+	11063132	11080181	LOC112449366	NC_037340.1
LOC112449356	+	11084206	11093406	LOC112449356	NC_037340.1
LOC505099	+	11128670	11160798	LOC505099	NC_037340.1
LOC100337293	+	11361156	11443285	LOC100337293	NC_037340.1
CCDC3	+	11479616	11570661	CCDC3	NC_037340.1
LOC132346876	+	11657135	11661443	LOC132346876	NC_037340.1
TRNAE-UUC-72	+	11798645	11798717	TRNAE-UUC	NC_037340.1
TRNAW-CCA-73	+	11961933	11962004	TRNAW-CCA	NC_037340.1
LOC132346845	+	12061614	12119807	LOC132346845	NC_037340.1
UPF2	+	12300764	12396488	UPF2	NC_037340.1
LOC101907256	+	12400317	12418277	LOC101907256	NC_037340.1
LOC132346865	+	12533296	12533721	LOC132346865	NC_037340.1
USP6NL	+	12568043	12779518	USP6NL	NC_037340.1
LOC112449249	+	12800181	12811967	LOC112449249	NC_037340.1
LOC132346878	+	13281762	13283472	LOC132346878	NC_037340.1
LOC112449250	+	13476879	13478164	LOC112449250	NC_037340.1
LOC112449253	+	15910543	15912874	LOC112449253	NC_037340.1
LOC112449254	+	16086481	16102333	LOC112449254	NC_037340.1
ITIH5	+	16200829	16281662	ITIH5	NC_037340.1
LOC112449255	+	16306124	16310562	LOC112449255	NC_037340.1
SFMBT2	+	16353166	16564417	SFMBT2	NC_037340.1
LOC112449422	+	16578673	16578775	LOC112449422	NC_037340.1
LOC132346879	+	16732969	16748745	LOC132346879	NC_037340.1
TRNAF-GAA-14	+	17043569	17043641	TRNAF-GAA	NC_037340.1
LOC132346847	+	17122463	17123382	LOC132346847	NC_037340.1
LOC112449256	+	17373170	17383889	LOC112449256	NC_037340.1
IL2RA	+	17455392	17500715	IL2RA	NC_037340.1
LOC132346881	+	17708339	17740380	LOC132346881	NC_037340.1
MASTL	+	17749343	17773664	MASTL	NC_037340.1
LOC100297097	+	17956800	17989814	LOC100297097	NC_037340.1
LOC107133032	+	18204568	18207113	LOC107133032	NC_037340.1
CUL2	+	18321948	18393467	CUL2	NC_037340.1
PARD3	+	18485775	19083327	PARD3	NC_037340.1
MIR2285AW	+	18847324	18847381	MIR2285AW	NC_037340.1
LOC132346882	+	19187382	19202941	LOC132346882	NC_037340.1
LOC132346883	+	19279131	19286380	LOC132346883	NC_037340.1
LOC112449262	+	19919620	19940300	LOC112449262	NC_037340.1
ARL5B	+	20313421	20340720	ARL5B	NC_037340.1
MALRD1	+	20648169	21202234	MALRD1	NC_037340.1
PLXDC2	+	21312181	21742381	PLXDC2	NC_037340.1
ADNCR	+	21736120	21742385	ADNCR	NC_037340.1
TRNAS-GGA-74	+	22038376	22038448	TRNAS-GGA	NC_037340.1
MLLT10	+	22747631	22955073	MLLT10	NC_037340.1
TRNAS-GGA-75	+	23309522	23309594	TRNAS-GGA	NC_037340.1
COMMD3	+	23425884	23429678	COMMD3	NC_037340.1
BMI1	+	23430912	23441040	BMI1	NC_037340.1
SPAG6	+	23455035	23517702	SPAG6	NC_037340.1
LOC112449429	+	23890368	23890473	LOC112449429	NC_037340.1
ARMC3	+	23964716	24057072	ARMC3	NC_037340.1
MSRB2	+	24116088	24140974	MSRB2	NC_037340.1
PTF1A	+	24204440	24206258	PTF1A	NC_037340.1
OTUD1	+	24387573	24390632	OTUD1	NC_037340.1
KIAA1217	+	24591888	25412979	KIAA1217	NC_037340.1
LOC112449393	+	24730475	24730605	LOC112449393	NC_037340.1
LOC132346848	+	25774855	25779188	LOC132346848	NC_037340.1
LOC112449421	+	25816735	25816841	LOC112449421	NC_037340.1
GPR158	+	25958776	26257306	GPR158	NC_037340.1
TRNAC-GCA-146	+	26377775	26377847	TRNAC-GCA	NC_037340.1
GAD2	+	26666170	26728037	GAD2	NC_037340.1
GJD4	+	26759417	26760409	GJD4	NC_037340.1
OPTN	+	27800797	27839665	OPTN	NC_037340.1
MCM10	+	27854597	27891323	MCM10	NC_037340.1
LOC101907540	+	28115932	28123692	LOC101907540	NC_037340.1
PRPF18	+	28284969	28341091	PRPF18	NC_037340.1
LOC132346889	+	28352003	28363043	LOC132346889	NC_037340.1
LOC104973746	+	28426121	28434677	LOC104973746	NC_037340.1
TRNAE-CUC-20	+	28668293	28668365	TRNAE-CUC	NC_037340.1
HSPA14	+	29492645	29517244	HSPA14	NC_037340.1
MEIG1	+	29595884	29612566	MEIG1	NC_037340.1
OLAH	+	29624339	29653178	OLAH	NC_037340.1
TRNAE-CUC-21	+	29957779	29957850	TRNAE-CUC	NC_037340.1
LOC132346854	+	30641153	30642607	LOC132346854	NC_037340.1
PTER	+	30919126	30994972	PTER	NC_037340.1
TRNAF-GAA-15	+	31091736	31091808	TRNAF-GAA	NC_037340.1
STAM	+	32099345	32162674	STAM	NC_037340.1
LOC112449449	+	32138698	32138783	LOC112449449	NC_037340.1
MRC1	+	32240120	32353255	MRC1	NC_037340.1
SLC39A12	+	32374809	32459129	SLC39A12	NC_037340.1
CACNB2	+	32568577	32994526	CACNB2	NC_037340.1
EPC1	+	33129770	33227587	EPC1	NC_037340.1
LOC112449435	+	33379810	33379918	LOC112449435	NC_037340.1
ARHGAP12	+	33421125	33539278	ARHGAP12	NC_037340.1
LOC104973755	+	33729782	33791758	LOC104973755	NC_037340.1
LOC101903056	+	33965471	34162907	LOC101903056	NC_037340.1
LOC132346891	+	34440806	34447475	LOC132346891	NC_037340.1
LOC132346894	+	34973431	34976642	LOC132346894	NC_037340.1
TRNAW-CCA-75	+	35341032	35341104	TRNAW-CCA	NC_037340.1
LOC101903449	+	35393432	35418429	LOC101903449	NC_037340.1
LOC112449396	+	35846916	35847133	LOC112449396	NC_037340.1
MPP7	+	36304106	36527703	MPP7	NC_037340.1
ODAD2	+	36589188	36766688	ODAD2	NC_037340.1
MKX	+	36823229	36894698	MKX	NC_037340.1
LOC132346899	+	37069552	37074000	LOC132346899	NC_037340.1
PCSK2	+	37505772	37746198	PCSK2	NC_037340.1
DSTN	+	37954770	37979552	DSTN	NC_037340.1
BANF2	+	38053971	38080188	BANF2	NC_037340.1
LOC107133045	+	38150146	38164364	LOC107133045	NC_037340.1
PET117	+	38329878	38333880	PET117	NC_037340.1
KAT14	+	38333657	38360022	KAT14	NC_037340.1
SEC23B	+	38561345	38595201	SEC23B	NC_037340.1
DTD1	+	38593594	38714767	DTD1	NC_037340.1
SCP2D1	+	38704709	38706768	SCP2D1	NC_037340.1
SLC24A3	+	38891014	39336838	SLC24A3	NC_037340.1
MIR11973	+	38988078	38988147	MIR11973	NC_037340.1
RIN2	+	39365356	39573520	RIN2	NC_037340.1
MIR2305	+	39538620	39538685	MIR2305	NC_037340.1
NAA20	+	39584307	39602877	NAA20	NC_037340.1
CFAP61	+	39628976	39875502	CFAP61	NC_037340.1
INSM1	+	39882711	39885003	INSM1	NC_037340.1
TRNAE-CUC-22	+	40351186	40351259	TRNAE-CUC	NC_037340.1
XRN2	+	40615497	40678291	XRN2	NC_037340.1
LOC112449289	+	40685781	40688649	LOC112449289	NC_037340.1
PAX1	+	40899673	40912658	PAX1	NC_037340.1
LOC132346904	+	41241670	41262814	LOC132346904	NC_037340.1
LOC112449437	+	41751744	41751847	LOC112449437	NC_037340.1
NXT1	+	42019530	42022430	NXT1	NC_037340.1
GZF1	+	42029109	42037363	GZF1	NC_037340.1
CSTL1	+	42085682	42089855	CSTL1	NC_037340.1
LOC617402	+	42111885	42116217	LOC617402	NC_037340.1
CST8	+	42123635	42131998	CST8	NC_037340.1
SYNDIG1	+	42413804	42517965	SYNDIG1	NC_037340.1
TRNAG-CCC-111	+	42441580	42441652	TRNAG-CCC	NC_037340.1
CST7	+	42574671	42584437	CST7	NC_037340.1
LOC112449375	+	42666105	42667492	LOC112449375	NC_037340.1
MIR2285DF	+	42712405	42712461	MIR2285DF	NC_037340.1
ENTPD6	+	42738841	42757350	ENTPD6	NC_037340.1
PYGB	+	42775506	42811088	PYGB	NC_037340.1
TRNAC-ACA-125	+	42843414	42843485	TRNAC-ACA	NC_037340.1
ANKRD16	+	42879691	42915426	ANKRD16	NC_037340.1
LOC782343	+	42904959	42907292	LOC782343	NC_037340.1
CALML5	+	43143556	43144392	CALML5	NC_037340.1
LOC104973793	+	43147923	43159387	LOC104973793	NC_037340.1
TRNAW-CCA-76	+	43155555	43155628	TRNAW-CCA	NC_037340.1
TUBAL3	+	43204859	43215089	TUBAL3	NC_037340.1
LOC132342088	+	43287950	43297029	LOC132342088	NC_037340.1
LOC132342089	+	43372200	43391330	LOC132342089	NC_037340.1
LOC782061	+	43392556	43407855	LOC782061	NC_037340.1
LOC112441538	+	43444150	43448863	LOC112441538	NC_037340.1
LOC785762	+	43478669	43491632	LOC785762	NC_037340.1
AKR1C3	+	43577171	43587396	AKR1C3	NC_037340.1
LOC107131369	+	43592484	43612292	LOC107131369	NC_037340.1
AKR1C4	+	43616999	43626832	AKR1C4	NC_037340.1
LOC527068	+	43639321	43665146	LOC527068	NC_037340.1
LOC782884	+	43687774	43711507	LOC782884	NC_037340.1
LOC506594	+	43770213	43784086	LOC506594	NC_037340.1
20ALPHA-HSD	+	43804270	43821592	20ALPHA-HSD	NC_037340.1
LOC112441521	+	43824520	43864754	LOC112441521	NC_037340.1
LOC100847956	+	43825302	43848299	LOC100847956	NC_037340.1
TRNAG-UCC-75	+	43908827	43908899	TRNAG-UCC	NC_037340.1
LOC132346910	+	43991859	44050777	LOC132346910	NC_037340.1
KLF6	+	44597302	44606045	KLF6	NC_037340.1
MIR12028	+	44602930	44602993	MIR12028	NC_037340.1
LOC132346911	+	44767438	44812724	LOC132346911	NC_037340.1
PITRM1	+	45081185	45107172	PITRM1	NC_037340.1
LOC101904633	+	45181616	45187930	LOC101904633	NC_037340.1
LOC132346913	+	45348342	45367230	LOC132346913	NC_037340.1
LOC132346914	+	45772511	45804713	LOC132346914	NC_037340.1
ADARB2	+	46039257	46272683	ADARB2	NC_037340.1
IDI1	+	46325275	46328402	IDI1	NC_037340.1
DIP2C	+	46527525	46821616	DIP2C	NC_037340.1
PRNP	+	47039937	47060168	PRNP	NC_037340.1
PRND	+	47086007	47091045	PRND	NC_037340.1
CDS2	+	47441800	47498716	CDS2	NC_037340.1
LOC112449391	+	47487786	47487891	LOC112449391	NC_037340.1
SHLD1	+	47916941	48032657	SHLD1	NC_037340.1
MCM8	+	48120713	48166976	MCM8	NC_037340.1
LOC132346919	+	48260061	48262382	LOC132346919	NC_037340.1
LOC104973807	+	49242437	49246118	LOC104973807	NC_037340.1
ADRA1D	+	50911092	50932314	ADRA1D	NC_037340.1
TRNAS-GGA-78	+	51118554	51118625	TRNAS-GGA	NC_037340.1
RNF24	+	51161030	51272676	RNF24	NC_037340.1
CENPB	+	51416820	51419763	CENPB	NC_037340.1
SPEF1	+	51419861	51425980	SPEF1	NC_037340.1
SIGLEC1	+	51487322	51504636	SIGLEC1	NC_037340.1
ADAM33	+	51510528	51524967	ADAM33	NC_037340.1
GFRA4	+	51526771	51531451	GFRA4	NC_037340.1
LOC132346920	+	51553539	51566601	LOC132346920	NC_037340.1
DNAAF9	+	51791572	51964665	DNAAF9	NC_037340.1
SLC4A11	+	51975774	51986669	SLC4A11	NC_037340.1
DDRGK1	+	52004036	52014650	DDRGK1	NC_037340.1
LZTS3	+	52028315	52039191	LZTS3	NC_037340.1
UBOX5	+	52039857	52087687	UBOX5	NC_037340.1
FASTKD5	+	52039857	52050012	FASTKD5	NC_037340.1
AVP	+	52102351	52104370	AVP	NC_037340.1
PCED1A	+	52347637	52352829	PCED1A	NC_037340.1
CPXM1	+	52382733	52389209	CPXM1	NC_037340.1
IDH3B	+	52514490	52519431	IDH3B	NC_037340.1
SNRPB	+	52666510	52675566	SNRPB	NC_037340.1
LOC132346922	+	53039632	53086618	LOC132346922	NC_037340.1
PDYN	+	53127708	53148824	PDYN	NC_037340.1
LOC101902869	+	53314225	53360995	LOC101902869	NC_037340.1
GINS1	+	53590599	53606655	GINS1	NC_037340.1
LOC132346924	+	53611749	53624164	LOC132346924	NC_037340.1
LOC132346925	+	53669435	53671237	LOC132346925	NC_037340.1
NPBWR2	+	53773881	53774891	NPBWR2	NC_037340.1
LKAAEAR1	+	53792900	53794762	LKAAEAR1	NC_037340.1
RGS19	+	53798223	53804259	RGS19	NC_037340.1
SOX18	+	53823431	53825287	SOX18	NC_037340.1
LOC112449433	+	53866324	53866430	LOC112449433	NC_037340.1
SAMD10	+	53872912	53877878	SAMD10	NC_037340.1
ZNF512B	+	53880004	53890614	ZNF512B	NC_037340.1
MIR1388	+	53904024	53904115	MIR1388	NC_037340.1
ARFRP1	+	54047388	54053621	ARFRP1	NC_037340.1
STMN3	+	54079478	54089229	STMN3	NC_037340.1
GMEB2	+	54095089	54112861	GMEB2	NC_037340.1
SRMS	+	54119641	54127547	SRMS	NC_037340.1
PTK6	+	54128175	54134496	PTK6	NC_037340.1
EEF1A2	+	54152015	54159697	EEF1A2	NC_037340.1
KCNQ2	+	54171433	54219709	KCNQ2	NC_037340.1
CHRNA4	+	54243157	54256031	CHRNA4	NC_037340.1
YTHDF1	+	54332509	54345591	YTHDF1	NC_037340.1
LOC112449310	+	54355554	54370356	LOC112449310	NC_037340.1
BHLHE23	+	54422261	54424820	BHLHE23	NC_037340.1
LOC132346929	+	54574680	54580466	LOC132346929	NC_037340.1
LOC104973829	+	54695862	54717602	LOC104973829	NC_037340.1
MIR133C	+	54735653	54735746	MIR133C	NC_037340.1
GATA5	+	54799159	54809119	GATA5	NC_037340.1
CABLES2	+	54853736	54866382	CABLES2	NC_037340.1
MIR2306	+	54882259	54882337	MIR2306	NC_037340.1
LAMA5	+	54887604	54939286	LAMA5	NC_037340.1
LOC132346931	+	54945421	54946586	LOC132346931	NC_037340.1
HRH3	+	55005411	55010143	HRH3	NC_037340.1
LOC132346933	+	55931297	55941601	LOC132346933	NC_037340.1
LOC107133063	+	56516276	56528953	LOC107133063	NC_037340.1
PPP1R3D	+	56607939	56611420	PPP1R3D	NC_037340.1
SYCP2	+	56613341	56686646	SYCP2	NC_037340.1
LOC112449313	+	56720308	56723041	LOC112449313	NC_037340.1
PRELID3B	+	57347456	57357221	PRELID3B	NC_037340.1
CTSZ	+	57381213	57390707	CTSZ	NC_037340.1
LOC132346936	+	57461680	57465500	LOC132346936	NC_037340.1
LOC107133071	+	57521235	57551552	LOC107133071	NC_037340.1
APCDD1L	+	57858812	57909416	APCDD1L	NC_037340.1
ANKRD60	+	58122201	58133521	ANKRD60	NC_037340.1
LOC132346938	+	58187959	58189333	LOC132346938	NC_037340.1
LOC107133073	+	58475595	58479094	LOC107133073	NC_037340.1
PMEPA1	+	58487418	58544234	PMEPA1	NC_037340.1
ZBP1	+	58563756	58577638	ZBP1	NC_037340.1
LOC132346940	+	58695697	58697244	LOC132346940	NC_037340.1
LOC112449319	+	58793018	58794740	LOC112449319	NC_037340.1
LOC132346941	+	58828207	58878193	LOC132346941	NC_037340.1
BMP7	+	58889622	58975046	BMP7	NC_037340.1
MIR2307	+	58954605	58954673	MIR2307	NC_037340.1
LOC132346942	+	59066951	59086579	LOC132346942	NC_037340.1
LOC112449321	+	59529062	59534353	LOC112449321	NC_037340.1
AURKA	+	59554806	59570431	AURKA	NC_037340.1
LOC132346857	+	59663072	59665257	LOC132346857	NC_037340.1
SIRPD	+	59670987	59681738	SIRPD	NC_037340.1
SIRPB2	+	59688359	59701954	SIRPB2	NC_037340.1
NSFL1C	+	59707250	59727646	NSFL1C	NC_037340.1
FKBP1A	+	59738844	59766279	FKBP1A	NC_037340.1
TMEM74B	+	59949773	59966110	TMEM74B	NC_037340.1
TRNAC-ACA-128	+	59981034	59981105	TRNAC-ACA	NC_037340.1
RSPO4	+	60118547	60154938	RSPO4	NC_037340.1
ANGPT4	+	60191143	60234886	ANGPT4	NC_037340.1
SLC52A3	+	60290968	60306866	SLC52A3	NC_037340.1
SCRT2	+	60378025	60392225	SCRT2	NC_037340.1
TCF15	+	60451109	60457091	TCF15	NC_037340.1
CSNK2A1	+	60508091	60565865	CSNK2A1	NC_037340.1
TBC1D20	+	60581690	60600670	TBC1D20	NC_037340.1
LOC112449323	+	60811286	60859352	LOC112449323	NC_037340.1
LOC132346945	+	60956402	60958139	LOC132346945	NC_037340.1
DEFB123	+	61041283	61051909	DEFB123	NC_037340.1
REM1	+	61074080	61083229	REM1	NC_037340.1
LOC101906008	+	61150873	61156885	LOC101906008	NC_037340.1
ID1	+	61180673	61181832	ID1	NC_037340.1
COX4I2	+	61200068	61205419	COX4I2	NC_037340.1
LOC107133075	+	61227713	61254053	LOC107133075	NC_037340.1
TPX2	+	61285780	61342666	TPX2	NC_037340.1
TTLL9	+	61413129	61463664	TTLL9	NC_037340.1
XKR7	+	61487256	61511791	XKR7	NC_037340.1
LOC132346947	+	61539815	61546355	LOC132346947	NC_037340.1
HCK	+	61563147	61608503	HCK	NC_037340.1
POFUT1	+	61694384	61734858	POFUT1	NC_037340.1
ASXL1	+	61806800	61871182	ASXL1	NC_037340.1
TRNAS-AGA-7	+	61990200	61990272	TRNAS-AGA	NC_037340.1
DNMT3B	+	62142409	62176735	DNMT3B	NC_037340.1
MAPRE1	+	62182349	62210334	MAPRE1	NC_037340.1
EFCAB8	+	62210814	62268626	EFCAB8	NC_037340.1
LOC112449420	+	62302456	62302562	LOC112449420	NC_037340.1
BPIFB2	+	62303883	62323408	BPIFB2	NC_037340.1
BPIFB6	+	62330850	62347251	BPIFB6	NC_037340.1
BPIFB3	+	62356043	62372303	BPIFB3	NC_037340.1
LOC132346950	+	62431233	62445258	LOC132346950	NC_037340.1
BPIFA2A	+	62503682	62514221	BPIFA2A	NC_037340.1
LOC132346951	+	62518619	62523180	LOC132346951	NC_037340.1
BPIFA2C	+	62565063	62575207	BPIFA2C	NC_037340.1
BPIFA2B	+	62644988	62655448	BPIFA2B	NC_037340.1
BPIFA4	+	62669138	62690080	BPIFA4	NC_037340.1
BPIFA3	+	62707631	62719178	BPIFA3	NC_037340.1
BPIFA1	+	62727745	62734809	BPIFA1	NC_037340.1
BPIFB1	+	62762367	62785964	BPIFB1	NC_037340.1
BPIFB5	+	62791793	62810151	BPIFB5	NC_037340.1
LOC100848568	+	62884013	62890507	LOC100848568	NC_037340.1
CBFA2T2	+	62957688	63101726	CBFA2T2	NC_037340.1
C13H20orf144	+	63113814	63117087	C13H20orf144	NC_037340.1
ACTL10	+	63119615	63121594	ACTL10	NC_037340.1
ZNF341	+	63174421	63214476	ZNF341	NC_037340.1
TRNAG-GCC-18	+	63197389	63197459	TRNAG-GCC	NC_037340.1
CHMP4B	+	63226304	63271074	CHMP4B	NC_037340.1
RALY	+	63374679	63464858	RALY	NC_037340.1
LOC132346954	+	63490639	63515054	LOC132346954	NC_037340.1
ASIP	+	63639821	63668127	ASIP	NC_037340.1
LOC112449441	+	63655778	63655962	LOC112449441	NC_037340.1
ITCH	+	63785090	63885035	ITCH	NC_037340.1
DYNLRB1	+	63888167	63905673	DYNLRB1	NC_037340.1
TP53INP2	+	64041370	64050819	TP53INP2	NC_037340.1
ACSS2	+	64186778	64233570	ACSS2	NC_037340.1
MYH7B	+	64280701	64304867	MYH7B	NC_037340.1
MIR499	+	64292583	64292685	MIR499	NC_037340.1
TRNAM-CAU-9	+	64695079	64695151	TRNAM-CAU	NC_037340.1
CEP250	+	64700048	64747205	CEP250	NC_037340.1
ERGIC3	+	64776921	64790801	ERGIC3	NC_037340.1
SPAG4	+	64841049	64845761	SPAG4	NC_037340.1
ROMO1	+	64904969	64906508	ROMO1	NC_037340.1
EPB41L1	+	65180038	65356697	EPB41L1	NC_037340.1
LOC112441542	+	65331884	65333769	LOC112441542	NC_037340.1
AAR2	+	65359850	65380075	AAR2	NC_037340.1
TGIF2	+	65676320	65696112	TGIF2	NC_037340.1
RAB5IF	+	65704921	65712336	RAB5IF	NC_037340.1
LOC132346958	+	65714000	65717356	LOC132346958	NC_037340.1
TLDC2	+	65913930	65925740	TLDC2	NC_037340.1
TRNAE-UUC-76	+	65918162	65918234	TRNAE-UUC	NC_037340.1
LOC533073	+	65982757	65996172	LOC533073	NC_037340.1
LOC132346960	+	66074699	66080004	LOC132346960	NC_037340.1
RPN2	+	66143156	66197744	RPN2	NC_037340.1
NNAT	+	66465154	66467548	NNAT	NC_037340.1
CTNNBL1	+	66604270	66771092	CTNNBL1	NC_037340.1
LOC101905966	+	66862450	66867248	LOC101905966	NC_037340.1
RPRD1B	+	66909647	66986894	RPRD1B	NC_037340.1
BPI	+	67153977	67201888	BPI	NC_037340.1
LOC514978	+	67291746	67320119	LOC514978	NC_037340.1
LOC112449444	+	67340775	67340909	LOC112449444	NC_037340.1
LOC112449443	+	67344057	67344190	LOC112449443	NC_037340.1
RALGAPB	+	67360166	67453595	RALGAPB	NC_037340.1
LOC524176	+	67433943	67434893	LOC524176	NC_037340.1
ADIG	+	67456834	67466510	ADIG	NC_037340.1
SLC32A1	+	67532845	67539704	SLC32A1	NC_037340.1
FAM83D	+	67709006	67731981	FAM83D	NC_037340.1
LOC112449414	+	67734446	67734580	LOC112449414	NC_037340.1
LOC132346962	+	68532667	68572419	LOC132346962	NC_037340.1
LOC112449427	+	69128986	69129090	LOC112449427	NC_037340.1
LOC112449431	+	69771141	69771247	LOC112449431	NC_037340.1
PLCG1	+	69790995	69822905	PLCG1	NC_037340.1
MIR544B-1	+	70043643	70043727	MIR544B-1	NC_037340.1
LOC132346964	+	70368729	70385886	LOC132346964	NC_037340.1
LOC132346966	+	70460745	70599986	LOC132346966	NC_037340.1
TRNAE-CUC-23	+	71018363	71018436	TRNAE-CUC	NC_037340.1
LOC112449418	+	71267256	71267362	LOC112449418	NC_037340.1
LOC132346968	+	71637184	71640051	LOC132346968	NC_037340.1
LOC112449408	+	71944424	71944570	LOC112449408	NC_037340.1
SRSF6	+	72096729	72102392	SRSF6	NC_037340.1
IFT52	+	72178837	72216747	IFT52	NC_037340.1
LOC112449337	+	72314196	72319153	LOC112449337	NC_037340.1
MIR2285U	+	72353089	72353189	MIR2285U	NC_037340.1
GDAP1L1	+	72715815	72740119	GDAP1L1	NC_037340.1
R3HDML	+	72769803	72781473	R3HDML	NC_037340.1
HNF4A	+	72825641	72855373	HNF4A	NC_037340.1
TRNAW-CCA-79	+	72871069	72871140	TRNAW-CCA	NC_037340.1
LOC112449432	+	72872107	72872209	LOC112449432	NC_037340.1
TTPAL	+	72891408	72910233	TTPAL	NC_037340.1
PKIG	+	72948009	73028129	PKIG	NC_037340.1
TRNAG-CCC-117	+	73036870	73036942	TRNAG-CCC	NC_037340.1
KCNK15	+	73145045	73150464	KCNK15	NC_037340.1
YWHAB	+	73297853	73319790	YWHAB	NC_037340.1
PABPC1L	+	73320011	73345799	PABPC1L	NC_037340.1
STK4	+	73371427	73461845	STK4	NC_037340.1
LOC100850808	+	73517127	73518761	LOC100850808	NC_037340.1
PI3	+	73553099	73555171	PI3	NC_037340.1
LOC512548	+	73592925	73596222	LOC512548	NC_037340.1
RBPJL	+	73649289	73659384	RBPJL	NC_037340.1
DBNDD2	+	73736872	73741809	DBNDD2	NC_037340.1
PIGT	+	73747846	73765086	PIGT	NC_037340.1
LOC100196900	+	73786383	73797126	LOC100196900	NC_037340.1
LOC101903858	+	73842149	73852256	LOC101903858	NC_037340.1
LOC132346974	+	73901071	73902393	LOC132346974	NC_037340.1
LOC132346840	+	73945236	73953704	LOC132346840	NC_037340.1
LOC618696	+	73953252	73970621	LOC618696	NC_037340.1
LOC107133059	+	74002514	74014812	LOC107133059	NC_037340.1
TKDP1	+	74075296	74092083	TKDP1	NC_037340.1
TKDP4	+	74103138	74114983	TKDP4	NC_037340.1
PTI	+	74296024	74300843	PTI	NC_037340.1
WFDC10A	+	74455163	74461378	WFDC10A	NC_037340.1
WFDC11	+	74462984	74473575	WFDC11	NC_037340.1
LOC104973896	+	74536030	74537777	LOC104973896	NC_037340.1
DNTTIP1	+	74564870	74587030	DNTTIP1	NC_037340.1
ZSWIM3	+	74620991	74639623	ZSWIM3	NC_037340.1
ZSWIM1	+	74640348	74643706	ZSWIM1	NC_037340.1
CTSA	+	74649200	74655770	CTSA	NC_037340.1
PCIF1	+	74686117	74698084	PCIF1	NC_037340.1
MMP9	+	74746991	74754302	MMP9	NC_037340.1
SLC12A5	+	74759269	74795852	SLC12A5	NC_037340.1
LOC101904790	+	74825020	74834093	LOC101904790	NC_037340.1
CD40	+	74842418	74853117	CD40	NC_037340.1
LOC101904842	+	75230942	75238630	LOC101904842	NC_037340.1
TRNAR-CCU-21	+	75261995	75262067	TRNAR-CCU	NC_037340.1
SLC2A10	+	75368042	75380005	SLC2A10	NC_037340.1
EYA2	+	75497669	75761784	EYA2	NC_037340.1
LOC101905203	+	75791481	75792856	LOC101905203	NC_037340.1
LOC132346979	+	75880514	75893324	LOC132346979	NC_037340.1
NCOA3	+	76036737	76155834	NCOA3	NC_037340.1
LOC100847661	+	76367354	76378883	LOC100847661	NC_037340.1
LOC112449341	+	76393786	76397437	LOC112449341	NC_037340.1
LOC132346981	+	76436396	76441085	LOC132346981	NC_037340.1
TRNAR-CCU-22	+	76727371	76727443	TRNAR-CCU	NC_037340.1
LOC112449387	+	77060672	77065894	LOC112449387	NC_037340.1
CSE1L	+	77194000	77229853	CSE1L	NC_037340.1
DDX27	+	77328742	77345950	DDX27	NC_037340.1
LOC100847759	+	77375502	77378267	LOC100847759	NC_037340.1
LOC112449404	+	77375801	77375892	LOC112449404	NC_037340.1
LOC112449405	+	77376718	77376808	LOC112449405	NC_037340.1
LOC132346983	+	77434233	77453247	LOC132346983	NC_037340.1
TRNAE-UUC-77	+	77499154	77499226	TRNAE-UUC	NC_037340.1
LOC100847819	+	77863216	77867198	LOC100847819	NC_037340.1
SLC9A8	+	77899118	77973809	SLC9A8	NC_037340.1
LOC112449452	+	78012097	78012227	LOC112449452	NC_037340.1
SNAI1	+	78036445	78042572	SNAI1	NC_037340.1
LOC132346984	+	78074566	78100585	LOC132346984	NC_037340.1
LOC100847835	+	78236423	78241439	LOC100847835	NC_037340.1
LOC132346985	+	78266659	78314765	LOC132346985	NC_037340.1
LOC101907588	+	78434522	78448667	LOC101907588	NC_037340.1
BCAS4	+	78752400	78808954	BCAS4	NC_037340.1
LOC112449350	+	78923245	78926471	LOC112449350	NC_037340.1
LOC112449352	+	79209327	79236444	LOC112449352	NC_037340.1
LOC132346987	+	79707249	79715439	LOC132346987	NC_037340.1
LOC132346989	+	80143523	80500256	LOC132346989	NC_037340.1
LOC132346988	+	80221351	80235949	LOC132346988	NC_037340.1
TSHZ2	+	80580642	81074807	TSHZ2	NC_037340.1
TRNAC-ACA-130	+	80674445	80674517	TRNAC-ACA	NC_037340.1
LOC112449401	+	81103643	81103722	LOC112449401	NC_037340.1
LOC112449398	+	81103888	81103959	LOC112449398	NC_037340.1
LOC104973928	+	81189900	81201839	LOC104973928	NC_037340.1
LOC112449354	+	81416488	81439767	LOC112449354	NC_037340.1
PFDN4	+	81631998	81644895	PFDN4	NC_037340.1
DOK5	+	81893752	82044528	DOK5	NC_037340.1
LOC112449388	+	82199212	82355459	LOC112449388	NC_037340.1
LOC112449389	+	82715076	82715861	LOC112449389	NC_037340.1
LOC112449638	+	58626	58732	LOC112449638	NC_037341.1
LOC112449589	+	72688	80159	LOC112449589	NC_037341.1
ZNF7	+	332192	341584	ZNF7	NC_037341.1
ARHGAP39	+	359255	416175	ARHGAP39	NC_037341.1
MIR2308	+	381366	381434	MIR2308	NC_037341.1
RECQL4	+	428460	434942	RECQL4	NC_037341.1
FOXH1	+	466973	470687	FOXH1	NC_037341.1
TMEM276	+	478700	480312	TMEM276	NC_037341.1
TONSL	+	496271	507276	TONSL	NC_037341.1
VPS28	+	508420	512808	VPS28	NC_037341.1
SLC39A4	+	533918	538406	SLC39A4	NC_037341.1
CPSF1	+	542392	556903	CPSF1	NC_037341.1
FBXL6	+	580832	583940	FBXL6	NC_037341.1
TMEM249	+	584362	586716	TMEM249	NC_037341.1
SCRT1	+	594550	599937	SCRT1	NC_037341.1
BOP1	+	633888	652527	BOP1	NC_037341.1
TSSK5	+	709069	712244	TSSK5	NC_037341.1
SHARPIN	+	732964	737292	SHARPIN	NC_037341.1
LOC107133095	+	753976	756166	LOC107133095	NC_037341.1
OPLAH	+	763523	774582	OPLAH	NC_037341.1
LOC112449562	+	797507	825675	LOC112449562	NC_037341.1
PARP10	+	832746	839736	PARP10	NC_037341.1
PLEC	+	840080	896631	PLEC	NC_037341.1
MIR2309	+	879199	879273	MIR2309	NC_037341.1
EPPK1	+	936320	955875	EPPK1	NC_037341.1
NRBP2	+	961133	968468	NRBP2	NC_037341.1
PUF60	+	973616	986050	PUF60	NC_037341.1
SCRIB	+	986725	1006715	SCRIB	NC_037341.1
LOC132342145	+	1016276	1023647	LOC132342145	NC_037341.1
FAM83H	+	1029680	1039298	FAM83H	NC_037341.1
CCDC166	+	1058869	1060642	CCDC166	NC_037341.1
ZNF707	+	1086703	1093903	ZNF707	NC_037341.1
GFUS	+	1094231	1099107	GFUS	NC_037341.1
PYCR3	+	1101614	1108734	PYCR3	NC_037341.1
EEF1D	+	1113581	1126356	EEF1D	NC_037341.1
ZC3H3	+	1153793	1217099	ZC3H3	NC_037341.1
TOP1MT	+	1291148	1297910	TOP1MT	NC_037341.1
LOC132342168	+	1424314	1479209	LOC132342168	NC_037341.1
LOC787628	+	1503739	1508569	LOC787628	NC_037341.1
LOC104973965	+	1640832	1648494	LOC104973965	NC_037341.1
LYNX1	+	1669740	1675360	LYNX1	NC_037341.1
LYPD2	+	1684417	1686486	LYPD2	NC_037341.1
SLURP1	+	1689933	1691131	SLURP1	NC_037341.1
JRK	+	1717608	1724939	JRK	NC_037341.1
TSNARE1	+	1902552	2019964	TSNARE1	NC_037341.1
LOC101901918	+	2214551	2223433	LOC101901918	NC_037341.1
GPR20	+	2606537	2627597	GPR20	NC_037341.1
SLC45A4	+	2651806	2719085	SLC45A4	NC_037341.1
LOC104973970	+	2821815	2826901	LOC104973970	NC_037341.1
MIR151	+	3002376	3002444	MIR151	NC_037341.1
AGO2	+	3100810	3138228	AGO2	NC_037341.1
TRAPPC9	+	3199429	3587738	TRAPPC9	NC_037341.1
MIR12027	+	3310118	3310175	MIR12027	NC_037341.1
KCNK9	+	3615508	3712832	KCNK9	NC_037341.1
LOC132342174	+	3913560	3914606	LOC132342174	NC_037341.1
COL22A1	+	4095050	4319199	COL22A1	NC_037341.1
FAM135B	+	4387598	4651873	FAM135B	NC_037341.1
LOC112449570	+	5370946	5378734	LOC112449570	NC_037341.1
LOC112449571	+	5984645	5994284	LOC112449571	NC_037341.1
LOC132342176	+	6681771	6735944	LOC132342176	NC_037341.1
TRNAC-ACA-131	+	6868631	6868702	TRNAC-ACA	NC_037341.1
MIR30D	+	7041138	7041207	MIR30D	NC_037341.1
ST3GAL1	+	7864797	7955645	ST3GAL1	NC_037341.1
LOC132342178	+	8014436	8029576	LOC132342178	NC_037341.1
LOC104973986	+	8066647	8069931	LOC104973986	NC_037341.1
SLA	+	8277447	8315800	SLA	NC_037341.1
TMEM71	+	8558421	8588147	TMEM71	NC_037341.1
DNAAF11	+	8601611	8672670	DNAAF11	NC_037341.1
KCNQ3	+	8738054	9030010	KCNQ3	NC_037341.1
HHLA1	+	9051285	9075583	HHLA1	NC_037341.1
LOC104973989	+	9226380	9259182	LOC104973989	NC_037341.1
ADCY8	+	9754131	9979386	ADCY8	NC_037341.1
ASAP1	+	10264408	10604312	ASAP1	NC_037341.1
CYRIB	+	10631379	10779140	CYRIB	NC_037341.1
TRNAS-GGA-80	+	11697384	11697456	TRNAS-GGA	NC_037341.1
LOC132342182	+	12506092	12509548	LOC132342182	NC_037341.1
LOC132342183	+	12662648	12673990	LOC132342183	NC_037341.1
LOC112449609	+	12909123	12920751	LOC112449609	NC_037341.1
LOC132342154	+	13116176	13128226	LOC132342154	NC_037341.1
LOC112449574	+	13148011	13161042	LOC112449574	NC_037341.1
LOC112449611	+	13506045	13518648	LOC112449611	NC_037341.1
LOC112449612	+	13560433	13674224	LOC112449612	NC_037341.1
LRATD2	+	13920460	13925812	LRATD2	NC_037341.1
LOC132342186	+	14039207	14104110	LOC132342186	NC_037341.1
LOC107133109	+	14618342	14621901	LOC107133109	NC_037341.1
WASHC5	+	15087932	15140936	WASHC5	NC_037341.1
MTSS1	+	15392096	15553664	MTSS1	NC_037341.1
TATDN1	+	15560977	15592473	TATDN1	NC_037341.1
TMEM65	+	15675160	15722121	TMEM65	NC_037341.1
LOC101907615	+	15914857	15927121	LOC101907615	NC_037341.1
ANXA13	+	16143324	16200580	ANXA13	NC_037341.1
KLHL38	+	16229048	16241276	KLHL38	NC_037341.1
FBXO32	+	16306194	16361061	FBXO32	NC_037341.1
TRNAG-CCC-119	+	16404033	16404105	TRNAG-CCC	NC_037341.1
ZHX1	+	16534136	16557234	ZHX1	NC_037341.1
C14H8orf76	+	16566090	16581280	C14H8orf76	NC_037341.1
LOC104974006	+	16620451	16630941	LOC104974006	NC_037341.1
TRNAM-CAU-10	+	16621733	16621805	TRNAM-CAU	NC_037341.1
DERL1	+	16714564	16738592	DERL1	NC_037341.1
TRNAQ-UUG-4	+	16975233	16975304	TRNAQ-UUG	NC_037341.1
LOC522769	+	17898205	17903135	LOC522769	NC_037341.1
HAS2	+	18093101	18125216	HAS2	NC_037341.1
LOC515601	+	18164582	18183890	LOC515601	NC_037341.1
LOC529047	+	18985538	18996282	LOC529047	NC_037341.1
CEBPD	+	19128179	19129773	CEBPD	NC_037341.1
LOC132342192	+	19156166	19169680	LOC132342192	NC_037341.1
LOC101902180	+	19173733	19177966	LOC101902180	NC_037341.1
LOC132342190	+	19312939	19318603	LOC132342190	NC_037341.1
MCM4	+	19551825	19563217	MCM4	NC_037341.1
UBE2V2	+	19593065	19612895	UBE2V2	NC_037341.1
LOC101905779	+	19755557	19773801	LOC101905779	NC_037341.1
PPDPFL	+	19981881	19986372	PPDPFL	NC_037341.1
SNTG1	+	20282774	20699670	SNTG1	NC_037341.1
LOC112449652	+	20991476	20991582	LOC112449652	NC_037341.1
LOC104974020	+	21059757	21087101	LOC104974020	NC_037341.1
TRNAS-GGA-81	+	21405978	21406050	TRNAS-GGA	NC_037341.1
LOC112449643	+	21599107	21599213	LOC112449643	NC_037341.1
NPBWR1	+	21608255	21609250	NPBWR1	NC_037341.1
RGS20	+	21903712	21962258	RGS20	NC_037341.1
MRPL15	+	22017578	22023134	MRPL15	NC_037341.1
TRNAC-GCA-152	+	22150871	22150941	TRNAC-GCA	NC_037341.1
SOX17	+	22229926	22231726	SOX17	NC_037341.1
RP1	+	22335447	22344612	RP1	NC_037341.1
XKR4	+	22640328	22971089	XKR4	NC_037341.1
TGS1	+	23070145	23097443	TGS1	NC_037341.1
LOC112449630	+	23293767	23293930	LOC112449630	NC_037341.1
FAM110B	+	24291773	24433678	FAM110B	NC_037341.1
LOC101902490	+	24496732	24496933	LOC101902490	NC_037341.1
UBXN2B	+	24587679	24624435	UBXN2B	NC_037341.1
SDCBP	+	24729808	24764189	SDCBP	NC_037341.1
LOC107133116	+	24906023	24934796	LOC107133116	NC_037341.1
RAB2A	+	26180795	26253378	RAB2A	NC_037341.1
LOC104974028	+	26538666	26542119	LOC104974028	NC_037341.1
LOC112449511	+	26605844	26614009	LOC112449511	NC_037341.1
CLVS1	+	26839062	27014668	CLVS1	NC_037341.1
NKAIN3	+	27463860	28011149	NKAIN3	NC_037341.1
TRNAC-ACA-135	+	27503568	27503639	TRNAC-ACA	NC_037341.1
LOC132342198	+	28070479	28079569	LOC132342198	NC_037341.1
YTHDF3	+	28141137	28174571	YTHDF3	NC_037341.1
LOC112449575	+	28361477	28386409	LOC112449575	NC_037341.1
BHLHE22	+	29272786	29277992	BHLHE22	NC_037341.1
LOC132342199	+	29460178	29514041	LOC132342199	NC_037341.1
LOC112449576	+	30234797	30237375	LOC112449576	NC_037341.1
LOC104974036	+	30325293	30332435	LOC104974036	NC_037341.1
DNAJC5B	+	30355111	30448182	DNAJC5B	NC_037341.1
TRNAY-GUA-38	+	30458188	30458281	TRNAY-GUA	NC_037341.1
TRNAY-GUA-39	+	30458772	30458860	TRNAY-GUA	NC_037341.1
TRIM55	+	30469091	30516186	TRIM55	NC_037341.1
RRS1	+	30687060	30688825	RRS1	NC_037341.1
ADHFE1	+	30690619	30723599	ADHFE1	NC_037341.1
VXN	+	30748671	30774946	VXN	NC_037341.1
LOC112449641	+	30822296	30822402	LOC112449641	NC_037341.1
SGK3	+	30945435	31055075	SGK3	NC_037341.1
MCMDC2	+	31055164	31102612	MCMDC2	NC_037341.1
LOC784087	+	31076636	31077448	LOC784087	NC_037341.1
TRNAC-GCA-153	+	31446613	31446683	TRNAC-GCA	NC_037341.1
LOC112449514	+	31536876	31694095	LOC112449514	NC_037341.1
PREX2	+	31977409	32270936	PREX2	NC_037341.1
LOC132342159	+	32314307	32370841	LOC132342159	NC_037341.1
C14H8orf34	+	32378174	32742709	C14H8orf34	NC_037341.1
SULF1	+	33277531	33476643	SULF1	NC_037341.1
LOC112449640	+	34124661	34124767	LOC112449640	NC_037341.1
XKR9	+	34360679	34390490	XKR9	NC_037341.1
LOC112449626	+	34709469	34709557	LOC112449626	NC_037341.1
TRNAC-ACA-136	+	35238663	35238734	TRNAC-ACA	NC_037341.1
LOC101903752	+	35442379	35460756	LOC101903752	NC_037341.1
LOC132342203	+	35512030	35518081	LOC132342203	NC_037341.1
MIR1603	+	36050473	36050543	MIR1603	NC_037341.1
LOC112449656	+	36374391	36374498	LOC112449656	NC_037341.1
TERF1	+	36382268	36425376	TERF1	NC_037341.1
RDH10	+	36628596	36655309	RDH10	NC_037341.1
TRNAG-UCC-83	+	36835155	36835227	TRNAG-UCC	NC_037341.1
TRNAS-GGA-82	+	36872845	36872916	TRNAS-GGA	NC_037341.1
TMEM70	+	37219358	37233935	TMEM70	NC_037341.1
LOC112449517	+	37352264	37480943	LOC112449517	NC_037341.1
GDAP1	+	37595627	37645629	GDAP1	NC_037341.1
PI15	+	38154396	38191011	PI15	NC_037341.1
CRISPLD1	+	38295064	38345542	CRISPLD1	NC_037341.1
HNF4G	+	38696402	38831341	HNF4G	NC_037341.1
TRNAC-ACA-137	+	39742756	39742827	TRNAC-ACA	NC_037341.1
LOC132342161	+	40589175	40664112	LOC132342161	NC_037341.1
LOC512175	+	41546758	41547848	LOC512175	NC_037341.1
LOC511937	+	41584064	41585475	LOC511937	NC_037341.1
PKIA	+	41721020	41820939	PKIA	NC_037341.1
LOC112449623	+	42519407	42519538	LOC112449623	NC_037341.1
LOC132342205	+	42714956	42720910	LOC132342205	NC_037341.1
STMN2	+	42811857	42870107	STMN2	NC_037341.1
TRNAG-CCC-125	+	42909120	42909192	TRNAG-CCC	NC_037341.1
ZBTB10	+	43668659	43712757	ZBTB10	NC_037341.1
LOC132342208	+	43787667	43796156	LOC132342208	NC_037341.1
LOC101905394	+	43859143	43904154	LOC101905394	NC_037341.1
LOC112449521	+	44377452	44437728	LOC112449521	NC_037341.1
FABP5	+	44488912	44494877	FABP5	NC_037341.1
LOC132342209	+	44736221	44748296	LOC132342209	NC_037341.1
LOC112449625	+	45124937	45125071	LOC112449625	NC_037341.1
TNFRSF11B	+	45276997	45305174	TNFRSF11B	NC_037341.1
LOC112449671	+	45284708	45284842	LOC112449671	NC_037341.1
SAMD12	+	45625068	46074096	SAMD12	NC_037341.1
TRNAG-CCC-126	+	45897228	45897300	TRNAG-CCC	NC_037341.1
LOC132342147	+	46104253	46158893	LOC132342147	NC_037341.1
EXT1	+	46163651	46477877	EXT1	NC_037341.1
TRPS1	+	48629696	48908999	TRPS1	NC_037341.1
LOC132342211	+	48719692	48823931	LOC132342211	NC_037341.1
LOC132342212	+	53138123	53164687	LOC132342212	NC_037341.1
LOC112449649	+	53573484	53573586	LOC112449649	NC_037341.1
KCNV1	+	54486983	54494253	KCNV1	NC_037341.1
NUDCD1	+	55087811	55181181	NUDCD1	NC_037341.1
EIF3E	+	56245955	56293883	EIF3E	NC_037341.1
RSPO2	+	56329697	56556667	RSPO2	NC_037341.1
ANGPT1	+	56815170	57287107	ANGPT1	NC_037341.1
ABRA	+	57818316	57829130	ABRA	NC_037341.1
LOC132342216	+	59959512	59963342	LOC132342216	NC_037341.1
DPYS	+	60148721	60239255	DPYS	NC_037341.1
LOC104974100	+	60968904	60985641	LOC104974100	NC_037341.1
SLC25A32	+	61075019	61108973	SLC25A32	NC_037341.1
TRNAS-GGA-83	+	61395071	61395143	TRNAS-GGA	NC_037341.1
AZIN1	+	61585971	61617030	AZIN1	NC_037341.1
KLF10	+	61770393	61776508	KLF10	NC_037341.1
LOC104974106	+	61848903	61862637	LOC104974106	NC_037341.1
UBR5	+	61987909	62126918	UBR5	NC_037341.1
RRM2B	+	62133669	62171344	RRM2B	NC_037341.1
NCALD	+	62246632	62715291	NCALD	NC_037341.1
LOC112449661	+	62724716	62724817	LOC112449661	NC_037341.1
LOC101904656	+	62782519	62790461	LOC101904656	NC_037341.1
TRNAW-CCA-82	+	62787920	62787991	TRNAW-CCA	NC_037341.1
YWHAZ	+	63394356	63429095	YWHAZ	NC_037341.1
TRNAY-AUA-23	+	63605473	63605544	TRNAY-AUA	NC_037341.1
SNX31	+	63706803	63790270	SNX31	NC_037341.1
ANKRD46	+	63800474	63868341	ANKRD46	NC_037341.1
TRNAC-GCA-155	+	63853760	63853831	TRNAC-GCA	NC_037341.1
RNF19A	+	64047881	64103385	RNF19A	NC_037341.1
COX6C	+	64442651	64452625	COX6C	NC_037341.1
MIR875	+	64795360	64795436	MIR875	NC_037341.1
MIR599	+	64795492	64795586	MIR599	NC_037341.1
LOC112449632	+	65304894	65305088	LOC112449632	NC_037341.1
STK3	+	65475446	65786577	STK3	NC_037341.1
NIPAL2	+	65960470	66051625	NIPAL2	NC_037341.1
RIDA	+	66121457	66129650	RIDA	NC_037341.1
RPL30	+	66176274	66179597	RPL30	NC_037341.1
LOC112449665	+	66179186	66179317	LOC112449665	NC_037341.1
LOC112449651	+	66370668	66370771	LOC112449651	NC_037341.1
TSPYL5	+	66852903	66857354	TSPYL5	NC_037341.1
MIR584-1	+	67019700	67019775	MIR584-1	NC_037341.1
LOC107133133	+	67338825	67354680	LOC107133133	NC_037341.1
MTERF3	+	67961091	67981699	MTERF3	NC_037341.1
UQCRB	+	67986641	67991358	UQCRB	NC_037341.1
GDF6	+	68058424	68075722	GDF6	NC_037341.1
TRNAS-AGA-8	+	69054767	69054848	TRNAS-AGA	NC_037341.1
CFAP418	+	69055226	69080298	CFAP418	NC_037341.1
LOC132342221	+	69099140	69128187	LOC132342221	NC_037341.1
CCNE2	+	69448175	69460836	CCNE2	NC_037341.1
VIRMA	+	69781872	69846027	VIRMA	NC_037341.1
RAD54B	+	69858291	69976456	RAD54B	NC_037341.1
FSBP	+	69906125	69916859	FSBP	NC_037341.1
TRNAG-GCC-21	+	69982890	69982960	TRNAG-GCC	NC_037341.1
LOC107133135	+	70006347	70045187	LOC107133135	NC_037341.1
GEM	+	70066769	70080794	GEM	NC_037341.1
CDH17	+	70118204	70207102	CDH17	NC_037341.1
LOC112449546	+	70229964	70250578	LOC112449546	NC_037341.1
LOC132342224	+	70257016	70263605	LOC132342224	NC_037341.1
RBM12B	+	70551130	70564560	RBM12B	NC_037341.1
LOC132342166	+	71101460	71114713	LOC132342166	NC_037341.1
LOC132342226	+	71892284	71940798	LOC132342226	NC_037341.1
LOC132342167	+	72859712	72860849	LOC132342167	NC_037341.1
LOC100848906	+	73338456	73340617	LOC100848906	NC_037341.1
C14H8orf88	+	73461947	73497976	C14H8orf88	NC_037341.1
LOC515547	+	73513870	73516410	LOC515547	NC_037341.1
CALB1	+	73654391	73676319	CALB1	NC_037341.1
NBN	+	73748773	73804383	NBN	NC_037341.1
LOC100848958	+	73879043	73888695	LOC100848958	NC_037341.1
LOC132342228	+	74032714	74049879	LOC132342228	NC_037341.1
MMP16	+	74381958	74776968	MMP16	NC_037341.1
TRNAC-GCA-156	+	75241604	75241675	TRNAC-GCA	NC_037341.1
CNGB3	+	75914395	76104025	CNGB3	NC_037341.1
LOC132342229	+	76123231	76133337	LOC132342229	NC_037341.1
RMDN1	+	76178695	76215149	RMDN1	NC_037341.1
LOC112449549	+	76445645	76508170	LOC112449549	NC_037341.1
TRNAS-GGA-84	+	76742940	76743011	TRNAS-GGA	NC_037341.1
LOC100196897	+	76962714	76967783	LOC100196897	NC_037341.1
CA1	+	77144212	77154651	CA1	NC_037341.1
LOC100847874	+	77255168	77265463	LOC100847874	NC_037341.1
LOC132342232	+	77827783	77828633	LOC132342232	NC_037341.1
LOC616400	+	78643090	78649010	LOC616400	NC_037341.1
LOC112449659	+	79229728	79229835	LOC112449659	NC_037341.1
LOC112449583	+	79701377	79702159	LOC112449583	NC_037341.1
LOC132342234	+	80013881	80046865	LOC132342234	NC_037341.1
ZFAND1	+	80864187	80891494	ZFAND1	NC_037341.1
SLC10A5	+	80890935	80892329	SLC10A5	NC_037341.1
LOC104974144	+	81113961	81118554	LOC104974144	NC_037341.1
DEPTOR	+	81286795	81453257	DEPTOR	NC_037341.1
COL14A1	+	81497455	81730369	COL14A1	NC_037341.1
MTBP	+	81786796	81863370	MTBP	NC_037341.1
SLC2A5	+	82358063	82387445	SLC2A5	NC_037341.1
LOC518869	+	444751	445782	LOC518869	NC_037342.1
LOC132342296	+	555977	565186	LOC132342296	NC_037342.1
OR4C1I	+	607794	608720	OR4C1I	NC_037342.1
OR4C1N	+	636458	637348	OR4C1N	NC_037342.1
OR4A2H	+	701958	702875	OR4A2H	NC_037342.1
OR4C146	+	764415	765347	OR4C146	NC_037342.1
IZUMO1R	+	1300942	1303733	IZUMO1R	NC_037342.1
ANKRD49	+	1508943	1535088	ANKRD49	NC_037342.1
KBTBD3	+	1594991	1670361	KBTBD3	NC_037342.1
MSANTD4	+	1765991	1776400	MSANTD4	NC_037342.1
CASP1	+	3233013	3248233	CASP1	NC_037342.1
CASP4	+	3250033	3269685	CASP4	NC_037342.1
PDGFD	+	4259437	4537973	PDGFD	NC_037342.1
TRNAY-AUA-24	+	5257770	5257842	TRNAY-AUA	NC_037342.1
DCUN1D5	+	5477608	5518920	DCUN1D5	NC_037342.1
MMP1	+	5811599	5820952	MMP1	NC_037342.1
MMP8	+	5932955	5944195	MMP8	NC_037342.1
MMP27	+	5950586	5964240	MMP27	NC_037342.1
MMP20	+	6031820	6089843	MMP20	NC_037342.1
TMEM123	+	6224787	6305745	TMEM123	NC_037342.1
ANGPTL5	+	6889258	6908724	ANGPTL5	NC_037342.1
TRPC6	+	7313317	7473504	TRPC6	NC_037342.1
PGR	+	7854066	7967424	PGR	NC_037342.1
LOC132342301	+	10991384	10994878	LOC132342301	NC_037342.1
LOC100300167	+	13339685	13351625	LOC100300167	NC_037342.1
LOC783497	+	13718763	13719888	LOC783497	NC_037342.1
MAML2	+	13888037	14290059	MAML2	NC_037342.1
MTMR2	+	14329181	14447600	MTMR2	NC_037342.1
LOC132342302	+	14774069	14816011	LOC132342302	NC_037342.1
LOC112441704	+	15111127	15111229	LOC112441704	NC_037342.1
SESN3	+	15191004	15271904	SESN3	NC_037342.1
LOC132342304	+	15429508	15439368	LOC132342304	NC_037342.1
CWC15	+	15447275	15456213	CWC15	NC_037342.1
LOC132342306	+	15469416	15473610	LOC132342306	NC_037342.1
CWF19L2	+	16086710	16225084	CWF19L2	NC_037342.1
GUCY1A2	+	16273674	16859786	GUCY1A2	NC_037342.1
LOC112441676	+	17085414	17085539	LOC112441676	NC_037342.1
ELMOD1	+	17136597	17196900	ELMOD1	NC_037342.1
RAB39A	+	17499451	17533128	RAB39A	NC_037342.1
CUL5	+	17591561	17721737	CUL5	NC_037342.1
ACAT1	+	17734492	17763544	ACAT1	NC_037342.1
ATM	+	17843063	18000158	ATM	NC_037342.1
LOC101902366	+	18073081	18075573	LOC101902366	NC_037342.1
LOC132342307	+	18263677	18276212	LOC132342307	NC_037342.1
DDX10	+	18358203	18664976	DDX10	NC_037342.1
LOC112441675	+	18418796	18418921	LOC112441675	NC_037342.1
LOC104974178	+	20036634	20038786	LOC104974178	NC_037342.1
TRNAR-CCU-23	+	20113198	20113270	TRNAR-CCU	NC_037342.1
ZC3H12C	+	20168554	20245446	ZC3H12C	NC_037342.1
LOC100847607	+	20313230	20313953	LOC100847607	NC_037342.1
FDX1	+	20459530	20494938	FDX1	NC_037342.1
LOC112441563	+	21234473	21261558	LOC112441563	NC_037342.1
POU2AF3	+	21571737	21581539	POU2AF3	NC_037342.1
HOATZ	+	21813735	21853037	HOATZ	NC_037342.1
MIR34B	+	21816728	21816811	MIR34B	NC_037342.1
MIR34C	+	21817429	21817505	MIR34C	NC_037342.1
SIK2	+	21927798	22057728	SIK2	NC_037342.1
CFAP68	+	22228117	22232771	CFAP68	NC_037342.1
HSPB2	+	22246658	22247988	HSPB2	NC_037342.1
DIXDC1	+	22258678	22337795	DIXDC1	NC_037342.1
DLAT	+	22340056	22374925	DLAT	NC_037342.1
NKAPD1	+	22382955	22395429	NKAPD1	NC_037342.1
SDHD	+	22397456	22409059	SDHD	NC_037342.1
BCO2	+	22513068	22580768	BCO2	NC_037342.1
PTS	+	22587067	22595236	PTS	NC_037342.1
LOC104974191	+	23053427	23057205	LOC104974191	NC_037342.1
NCAM1	+	23472421	23834661	NCAM1	NC_037342.1
TRNAS-GGA-87	+	23629097	23629169	TRNAS-GGA	NC_037342.1
TTC12	+	23873971	23920697	TTC12	NC_037342.1
LOC132342280	+	24040785	24042300	LOC132342280	NC_037342.1
CLDN25	+	24328089	24328857	CLDN25	NC_037342.1
HTR3B	+	24446957	24482752	HTR3B	NC_037342.1
LOC112441707	+	24481065	24481168	LOC112441707	NC_037342.1
HTR3A	+	24505232	24518059	HTR3A	NC_037342.1
TRNAG-CCC-127	+	24546207	24546280	TRNAG-CCC	NC_037342.1
LOC132342314	+	24557491	24560929	LOC132342314	NC_037342.1
ZBTB16	+	24581873	24786657	ZBTB16	NC_037342.1
TRNAG-CCC-128	+	24813885	24813957	TRNAG-CCC	NC_037342.1
RBM7	+	24920578	24927881	RBM7	NC_037342.1
REXO2	+	24957716	24968465	REXO2	NC_037342.1
LOC112441611	+	25084482	25097561	LOC112441611	NC_037342.1
NXPE2	+	25148348	25199371	NXPE2	NC_037342.1
LOC101908225	+	25219160	25260026	LOC101908225	NC_037342.1
LOC101901976	+	26233728	26237367	LOC101901976	NC_037342.1
APOC3	+	27486034	27488624	APOC3	NC_037342.1
LOC107133155	+	27498599	27501428	LOC107133155	NC_037342.1
TRNAC-ACA-143	+	27741342	27741413	TRNAC-ACA	NC_037342.1
PAFAH1B2	+	27831374	27860117	PAFAH1B2	NC_037342.1
TAGLN	+	27889685	27894949	TAGLN	NC_037342.1
RNF214	+	27924993	27975978	RNF214	NC_037342.1
LOC132342316	+	28422520	28431346	LOC132342316	NC_037342.1
LOC101909375	+	28476308	28480251	LOC101909375	NC_037342.1
LOC132342317	+	28518739	28523894	LOC132342317	NC_037342.1
IL10RA	+	28659617	28673033	IL10RA	NC_037342.1
LOC112441673	+	28709895	28710021	LOC112441673	NC_037342.1
TMPRSS4	+	28761595	28801594	TMPRSS4	NC_037342.1
LOC132342272	+	28892166	28894869	LOC132342272	NC_037342.1
CD3E	+	29004581	29015196	CD3E	NC_037342.1
CD3G	+	29025582	29037075	CD3G	NC_037342.1
ATP5MG	+	29085000	29093131	ATP5MG	NC_037342.1
KMT2A	+	29115452	29193389	KMT2A	NC_037342.1
TTC36	+	29194018	29198431	TTC36	NC_037342.1
TMEM25	+	29198615	29203082	TMEM25	NC_037342.1
ARCN1	+	29227702	29256278	ARCN1	NC_037342.1
MIR12011	+	29299174	29299232	MIR12011	NC_037342.1
CXCR5	+	29480719	29491627	CXCR5	NC_037342.1
UPK2	+	29529296	29548145	UPK2	NC_037342.1
FOXR1	+	29557740	29567477	FOXR1	NC_037342.1
VPS11	+	29653337	29663614	VPS11	NC_037342.1
HMBS	+	29666771	29674064	HMBS	NC_037342.1
C2CD2L	+	29685824	29695833	C2CD2L	NC_037342.1
HINFP	+	29699252	29709233	HINFP	NC_037342.1
NLRX1	+	29751315	29769514	NLRX1	NC_037342.1
NHERF4	+	29769643	29775411	NHERF4	NC_037342.1
RNF26	+	29915838	29918634	RNF26	NC_037342.1
LOC101903835	+	29943883	30045616	LOC101903835	NC_037342.1
MIR378B	+	30197485	30197582	MIR378B	NC_037342.1
OAF	+	30783838	30803637	OAF	NC_037342.1
TLCD5	+	30911338	30918654	TLCD5	NC_037342.1
ARHGEF12	+	30922051	31090294	ARHGEF12	NC_037342.1
LOC132342320	+	31296564	31297362	LOC132342320	NC_037342.1
TECTA	+	31725892	31808637	TECTA	NC_037342.1
SC5D	+	31876177	31888129	SC5D	NC_037342.1
LOC132342321	+	31895129	31964075	LOC132342321	NC_037342.1
SORL1	+	32050411	32220027	SORL1	NC_037342.1
TRNAC-ACA-144	+	32500381	32500452	TRNAC-ACA	NC_037342.1
UBASH3B	+	33291675	33439897	UBASH3B	NC_037342.1
CRTAM	+	33457290	33486131	CRTAM	NC_037342.1
JHY	+	33502682	33584763	JHY	NC_037342.1
GRAMD1B	+	34039605	34226170	GRAMD1B	NC_037342.1
MIR2313	+	34091139	34091212	MIR2313	NC_037342.1
SAAL1	+	34402569	34426197	SAAL1	NC_037342.1
TPH1	+	34444013	34476552	TPH1	NC_037342.1
SERGEF	+	34481859	34730057	SERGEF	NC_037342.1
ABCC8	+	35030382	35109471	ABCC8	NC_037342.1
KCNJ11	+	35113703	35116353	KCNJ11	NC_037342.1
PIK3C2A	+	35295771	35403058	PIK3C2A	NC_037342.1
PLEKHA7	+	35447753	35676624	PLEKHA7	NC_037342.1
LOC112441697	+	35457779	35457885	LOC112441697	NC_037342.1
SOX6	+	35715160	36548505	SOX6	NC_037342.1
LOC112441624	+	37438207	37439408	LOC112441624	NC_037342.1
CALCA	+	37629706	37635214	CALCA	NC_037342.1
LOC112441568	+	37818647	37819189	LOC112441568	NC_037342.1
CYP2R1	+	37890019	37915281	CYP2R1	NC_037342.1
LOC132342326	+	38203416	38209517	LOC132342326	NC_037342.1
PSMA1	+	38213868	38226751	PSMA1	NC_037342.1
COPB1	+	38233156	38267716	COPB1	NC_037342.1
BTBD10	+	39210422	39285703	BTBD10	NC_037342.1
TRNAG-UCC-85	+	40310183	40310255	TRNAG-UCC	NC_037342.1
TRNAV-CAC-15	+	40591739	40591811	TRNAV-CAC	NC_037342.1
LOC112441627	+	40635119	40648118	LOC112441627	NC_037342.1
DKK3	+	40685311	40735281	DKK3	NC_037342.1
GALNT18	+	41064175	41419990	GALNT18	NC_037342.1
ZBED5	+	41816381	41821678	ZBED5	NC_037342.1
EIF4G2	+	41871084	41881444	EIF4G2	NC_037342.1
LOC112441677	+	41876998	41877149	LOC112441677	NC_037342.1
IRAG1	+	41972367	42098627	IRAG1	NC_037342.1
LYVE1	+	42102179	42116470	LYVE1	NC_037342.1
RNF141	+	42143426	42180036	RNF141	NC_037342.1
MIR2315	+	42178557	42178636	MIR2315	NC_037342.1
MIR6518	+	42378016	42378103	MIR6518	NC_037342.1
LOC784200	+	43041935	43042656	LOC784200	NC_037342.1
LOC112441628	+	43091436	43104412	LOC112441628	NC_037342.1
LOC784322	+	43115038	43116211	LOC784322	NC_037342.1
TMEM41B	+	43311264	43339038	TMEM41B	NC_037342.1
LOC112441694	+	43348847	43348950	LOC112441694	NC_037342.1
TMEM9B	+	43625137	43643807	TMEM9B	NC_037342.1
LOC784603	+	43646931	43647398	LOC784603	NC_037342.1
ASCL3	+	43652345	43657088	ASCL3	NC_037342.1
C15H11orf16	+	43658022	43669714	C15H11orf16	NC_037342.1
DENND2B	+	43699920	43870871	DENND2B	NC_037342.1
TRIM66	+	43882715	43946949	TRIM66	NC_037342.1
STK33	+	43963640	44152332	STK33	NC_037342.1
LMO1	+	44281288	44323116	LMO1	NC_037342.1
MIR2285BX	+	44307107	44307164	MIR2285BX	NC_037342.1
RIC3	+	44368123	44429700	RIC3	NC_037342.1
TRNAE-UUC-82	+	44488857	44488929	TRNAE-UUC	NC_037342.1
NLRP10	+	44557802	44560822	NLRP10	NC_037342.1
OR10A3G	+	44600532	44601476	OR10A3G	NC_037342.1
OR10A3I	+	44606596	44607540	OR10A3I	NC_037342.1
OR10A3	+	44616299	44617249	OR10A3	NC_037342.1
OR10A6	+	44642301	44643245	OR10A6	NC_037342.1
OR5P3	+	44720406	44721344	OR5P3	NC_037342.1
OR5P6	+	44735869	44736798	OR5P6	NC_037342.1
OR10AB2	+	44941645	44942580	OR10AB2	NC_037342.1
CYB5R2	+	45046458	45057247	CYB5R2	NC_037342.1
LOC112441572	+	45489576	45534275	LOC112441572	NC_037342.1
ZNF214	+	45722181	45745688	ZNF214	NC_037342.1
OR2D2	+	45787382	45808159	OR2D2	NC_037342.1
TRNAC-GCA-158	+	45864528	45864599	TRNAC-GCA	NC_037342.1
OR6B18	+	45913819	45915342	OR6B18	NC_037342.1
LOC112441545	+	45917284	45918318	LOC112441545	NC_037342.1
LOC112441699	+	46029872	46029977	LOC112441699	NC_037342.1
LOC101903126	+	46183594	46245946	LOC101903126	NC_037342.1
LOC506989	+	46277369	46278812	LOC506989	NC_037342.1
MRPL17	+	46383607	46385079	MRPL17	NC_037342.1
DCHS1	+	46407427	46444145	DCHS1	NC_037342.1
TPP1	+	46444947	46450776	TPP1	NC_037342.1
TAF10	+	46453679	46455094	TAF10	NC_037342.1
RRP8	+	46462641	46466305	RRP8	NC_037342.1
ARFIP2	+	46566807	46571925	ARFIP2	NC_037342.1
HPX	+	46606398	46615970	HPX	NC_037342.1
APBB1	+	46625991	46648788	APBB1	NC_037342.1
MIR2316	+	46653532	46653606	MIR2316	NC_037342.1
FHIP1B	+	46801512	46827699	FHIP1B	NC_037342.1
OR52L1	+	46969114	46970439	OR52L1	NC_037342.1
OR56A4D	+	47031674	47032615	OR56A4D	NC_037342.1
LOC132342283	+	47132886	47147165	LOC132342283	NC_037342.1
OR52E8	+	47200099	47203988	OR52E8	NC_037342.1
OR52E15	+	47213218	47214159	OR52E15	NC_037342.1
LOC112441691	+	47329447	47329553	LOC112441691	NC_037342.1
OR52N2	+	47337100	47341225	OR52N2	NC_037342.1
OR52N1	+	47397751	47398716	OR52N1	NC_037342.1
OR52N5	+	47407068	47408033	OR52N5	NC_037342.1
LOC101902757	+	47866901	47901703	LOC101902757	NC_037342.1
LOC112441634	+	47937175	47958611	LOC112441634	NC_037342.1
OR52H2	+	47988341	47989276	OR52H2	NC_037342.1
OR52H1	+	48000907	48001851	OR52H1	NC_037342.1
OR52H2B	+	48011762	48012703	OR52H2B	NC_037342.1
OR52H1D	+	48025528	48026484	OR52H1D	NC_037342.1
UBQLNL	+	48052520	48054816	UBQLNL	NC_037342.1
LOC520778	+	48077462	48079418	LOC520778	NC_037342.1
OR51A42	+	48113302	48114246	OR51A42	NC_037342.1
LOC617817	+	48132779	48134296	LOC617817	NC_037342.1
OR51I1	+	48183475	48184416	OR51I1	NC_037342.1
OR51K1	+	48192092	48193112	OR51K1	NC_037342.1
HBE1	+	48337002	48338858	HBE1	NC_037342.1
LOC528470	+	48351600	48353438	LOC528470	NC_037342.1
HBE2	+	48388423	48389834	HBE2	NC_037342.1
LOC787671	+	48395770	48396912	LOC787671	NC_037342.1
HBG	+	48412408	48414039	HBG	NC_037342.1
OR51V1	+	48424191	48425135	OR51V1	NC_037342.1
OR52Z1	+	48437482	48438441	OR52Z1	NC_037342.1
OR52A1E	+	48515435	48516385	OR52A1E	NC_037342.1
OR51F2	+	48807796	48808776	OR51F2	NC_037342.1
OR51A8B	+	48817379	48818332	OR51A8B	NC_037342.1
OR51H8	+	48852452	48853408	OR51H8	NC_037342.1
OR51A7	+	48915399	48916337	OR51A7	NC_037342.1
LOC107133172	+	48936275	48937362	LOC107133172	NC_037342.1
OR52J3	+	48951819	48952754	OR52J3	NC_037342.1
OR52E1B	+	48993005	48993949	OR52E1B	NC_037342.1
OR52E3	+	49010376	49011314	OR52E3	NC_037342.1
OR52E19	+	49027542	49028564	OR52E19	NC_037342.1
OR52AB10	+	49128606	49129547	OR52AB10	NC_037342.1
LOC132342284	+	49141274	49159303	LOC132342284	NC_037342.1
OR51L16	+	49279362	49280321	OR51L16	NC_037342.1
OR52A1G	+	49293503	49294441	OR52A1G	NC_037342.1
OR52AE12	+	49364999	49365961	OR52AE12	NC_037342.1
OR51AC4	+	49482143	49482994	OR51AC4	NC_037342.1
OR51AG1	+	49538012	49538959	OR51AG1	NC_037342.1
OR51G4	+	49547370	49548326	OR51G4	NC_037342.1
OR52Z19	+	49587764	49589307	OR52Z19	NC_037342.1
OR52S20	+	49636754	49637698	OR52S20	NC_037342.1
OR52X3	+	49677215	49678172	OR52X3	NC_037342.1
OR52S6	+	49686684	49687637	OR52S6	NC_037342.1
OR52AD1	+	49698848	49699792	OR52AD1	NC_037342.1
OR52S27	+	49741658	49751713	OR52S27	NC_037342.1
LOC784727	+	49855502	49856456	LOC784727	NC_037342.1
LOC132342337	+	49951402	50013621	LOC132342337	NC_037342.1
OR51A5	+	49984692	49985633	OR51A5	NC_037342.1
OR51G2	+	50041694	50042635	OR51G2	NC_037342.1
OR51H9B	+	50104375	50105741	OR51H9B	NC_037342.1
OR51S1B	+	50141353	50142321	OR51S1B	NC_037342.1
OR52R1E	+	50189200	50190362	OR52R1E	NC_037342.1
TRNAG-CCC-134	+	50210922	50210994	TRNAG-CCC	NC_037342.1
OR51F1B	+	50224472	50225431	OR51F1B	NC_037342.1
OR51F5C	+	50242698	50382195	OR51F5C	NC_037342.1
OR51E2	+	50318301	50319263	OR51E2	NC_037342.1
OR51A25	+	50341374	50345237	OR51A25	NC_037342.1
OR51A57	+	50354334	50355200	OR51A57	NC_037342.1
LOC104974262	+	50375450	50381150	LOC104974262	NC_037342.1
TRIM68	+	50412942	50427041	TRIM68	NC_037342.1
OR52K2	+	50481959	50482903	OR52K2	NC_037342.1
OR52M2	+	50513017	50513970	OR52M2	NC_037342.1
OR52M1	+	50558371	50559324	OR52M1	NC_037342.1
LOC785109	+	50728802	50729386	LOC785109	NC_037342.1
LOC784088	+	50821648	50823855	LOC784088	NC_037342.1
OR52B4L	+	50872353	50873297	OR52B4L	NC_037342.1
TRNAG-CCC-135	+	50946682	50946754	TRNAG-CCC	NC_037342.1
LOC525033	+	50947385	50948389	LOC525033	NC_037342.1
NUP98	+	51264911	51351804	NUP98	NC_037342.1
CHRNA10	+	51351896	51364848	CHRNA10	NC_037342.1
LOC100336836	+	51404542	51408004	LOC100336836	NC_037342.1
LOC618664	+	51439977	51443892	LOC618664	NC_037342.1
LOC407148	+	51474910	51477908	LOC407148	NC_037342.1
LOC112441637	+	51492523	51495520	LOC112441637	NC_037342.1
RNF121	+	51553793	51637872	RNF121	NC_037342.1
IL18BP	+	51640320	51642293	IL18BP	NC_037342.1
FOLR1	+	51793458	51804318	FOLR1	NC_037342.1
TRNAG-CCC-136	+	51808687	51808759	TRNAG-CCC	NC_037342.1
FOLR2	+	51822275	51825794	FOLR2	NC_037342.1
INPPL1	+	51827681	51842831	INPPL1	NC_037342.1
LOC112441638	+	51846737	51849454	LOC112441638	NC_037342.1
ATG16L2	+	52351611	52372262	ATG16L2	NC_037342.1
P2RY6	+	52709725	52790314	P2RY6	NC_037342.1
ARHGEF17	+	52798766	52856744	ARHGEF17	NC_037342.1
RELT	+	52862477	52880876	RELT	NC_037342.1
MRPL48	+	53279082	53333967	MRPL48	NC_037342.1
PAAF1	+	53344660	53384971	PAAF1	NC_037342.1
DNAJB13	+	53393908	53406519	DNAJB13	NC_037342.1
TRNAE-UUC-83	+	53594529	53594600	TRNAE-UUC	NC_037342.1
LOC112441684	+	53734157	53734263	LOC112441684	NC_037342.1
TRNAC-GCA-159	+	53797333	53797404	TRNAC-GCA	NC_037342.1
LOC132342343	+	53818264	53822891	LOC132342343	NC_037342.1
POLD3	+	53909173	53953518	POLD3	NC_037342.1
LOC112441714	+	54113379	54113515	LOC112441714	NC_037342.1
SPCS2	+	54223227	54247075	SPCS2	NC_037342.1
NEU3	+	54247469	54270762	NEU3	NC_037342.1
SLCO2B1	+	54375514	54427960	SLCO2B1	NC_037342.1
TPBGL	+	54460603	54464584	TPBGL	NC_037342.1
LOC112441710	+	54597712	54597855	LOC112441710	NC_037342.1
LOC132342344	+	54647739	54651092	LOC132342344	NC_037342.1
LOC407226	+	54875125	54903225	LOC407226	NC_037342.1
LOC785379	+	54940726	54955634	LOC785379	NC_037342.1
LOC617698	+	55088376	55093197	LOC617698	NC_037342.1
LOC614494	+	55112821	55124659	LOC614494	NC_037342.1
UVRAG	+	55212034	55540791	UVRAG	NC_037342.1
LOC132342346	+	55625704	55647744	LOC132342346	NC_037342.1
TRNAP-AGG-5	+	55651097	55651168	TRNAP-AGG	NC_037342.1
GVQW3	+	55791625	55824299	GVQW3	NC_037342.1
EMSY	+	55852895	55933677	EMSY	NC_037342.1
B3GNT6	+	56447330	56459227	B3GNT6	NC_037342.1
CAPN5	+	56472949	56530220	CAPN5	NC_037342.1
OMP	+	56497389	56506997	OMP	NC_037342.1
ANO3	+	56896778	57353989	ANO3	NC_037342.1
LOC112441670	+	56943021	56943156	LOC112441670	NC_037342.1
FIBIN	+	57703872	57707596	FIBIN	NC_037342.1
BBOX1	+	57759110	57839022	BBOX1	NC_037342.1
METTL15	+	58806394	59176976	METTL15	NC_037342.1
LOC112441583	+	59683417	59757709	LOC112441583	NC_037342.1
ARL14EP	+	61047646	61061503	ARL14EP	NC_037342.1
LOC112441584	+	61426450	61433326	LOC112441584	NC_037342.1
LOC132342286	+	61463864	61470765	LOC132342286	NC_037342.1
LOC132342287	+	61592830	61593072	LOC132342287	NC_037342.1
DNAJC24	+	62144885	62222604	DNAJC24	NC_037342.1
ELP4	+	62296511	62553953	ELP4	NC_037342.1
TRNAR-CCU-26	+	62836693	62836765	TRNAR-CCU	NC_037342.1
LOC112441650	+	63168662	63221933	LOC112441650	NC_037342.1
EIF3M	+	63298855	63316300	EIF3M	NC_037342.1
PRRG4	+	63514730	63533830	PRRG4	NC_037342.1
QSER1	+	63556684	63636646	QSER1	NC_037342.1
DEPDC7	+	63659390	63682358	DEPDC7	NC_037342.1
KIAA1549L	+	63988939	64309898	KIAA1549L	NC_037342.1
LOC132342288	+	64158208	64160459	LOC132342288	NC_037342.1
LOC101907545	+	64368724	64371174	LOC101907545	NC_037342.1
CAPRIN1	+	64661035	64697665	CAPRIN1	NC_037342.1
NAT10	+	64701948	64740849	NAT10	NC_037342.1
CAT	+	64975290	65011234	CAT	NC_037342.1
EHF	+	65186383	65274383	EHF	NC_037342.1
MIR1343	+	65460271	65460348	MIR1343	NC_037342.1
CD44	+	65649552	65737464	CD44	NC_037342.1
LOC132342359	+	65745986	65767351	LOC132342359	NC_037342.1
TRNAC-ACA-152	+	65760212	65760283	TRNAC-ACA	NC_037342.1
FJX1	+	66124683	66131784	FJX1	NC_037342.1
TRIM44	+	66182281	66296447	TRIM44	NC_037342.1
LDLRAD3	+	66431232	66703031	LDLRAD3	NC_037342.1
PRR5L	+	66763192	66918825	PRR5L	NC_037342.1
RAG1	+	67004827	67012175	RAG1	NC_037342.1
IFTAP	+	67022700	67089357	IFTAP	NC_037342.1
LOC112441586	+	69959926	69965173	LOC112441586	NC_037342.1
LOC132342290	+	70513350	70530502	LOC132342290	NC_037342.1
LOC132342291	+	71475291	71477943	LOC132342291	NC_037342.1
LOC132342292	+	71566498	71597068	LOC132342292	NC_037342.1
LOC132342293	+	71714578	71716430	LOC132342293	NC_037342.1
LOC112441587	+	72605972	72609054	LOC112441587	NC_037342.1
TTC17	+	73461138	73588096	TTC17	NC_037342.1
LOC132342362	+	73623759	73626049	LOC132342362	NC_037342.1
MIR670	+	73648217	73648315	MIR670	NC_037342.1
LOC104974315	+	73661584	73662652	LOC104974315	NC_037342.1
HSD17B12	+	73781339	73958778	HSD17B12	NC_037342.1
LOC112441700	+	73928452	73928554	LOC112441700	NC_037342.1
ALKBH3	+	73975583	74017099	ALKBH3	NC_037342.1
ACCS	+	74175872	74196860	ACCS	NC_037342.1
EXT2	+	74203811	74352953	EXT2	NC_037342.1
PRDM11	+	75195333	75291489	PRDM11	NC_037342.1
LOC104974324	+	75777839	75780010	LOC104974324	NC_037342.1
LOC107133191	+	75795785	75814413	LOC107133191	NC_037342.1
SLC35C1	+	75853342	75860292	SLC35C1	NC_037342.1
CRY2	+	75880414	75915194	CRY2	NC_037342.1
MAPK8IP1	+	75918828	75938170	MAPK8IP1	NC_037342.1
LARGE2	+	75951074	75956775	LARGE2	NC_037342.1
DGKZ	+	76331079	76374697	DGKZ	NC_037342.1
MDK	+	76374892	76377926	MDK	NC_037342.1
F2	+	76656848	76671235	F2	NC_037342.1
TRNAE-CUC-25	+	76710319	76710391	TRNAE-CUC	NC_037342.1
LOC132342367	+	76779233	76786376	LOC132342367	NC_037342.1
LOC112441656	+	76942030	76953777	LOC112441656	NC_037342.1
NR1H3	+	77125653	77138639	NR1H3	NC_037342.1
MIR2318	+	77154599	77154677	MIR2318	NC_037342.1
SLC39A13	+	77240235	77248528	SLC39A13	NC_037342.1
NDUFS3	+	77378793	77383890	NDUFS3	NC_037342.1
FAM180B	+	77383991	77387225	FAM180B	NC_037342.1
TRNAC-ACA-154	+	77545955	77546027	TRNAC-ACA	NC_037342.1
PTPRJ	+	77686561	77864701	PTPRJ	NC_037342.1
TRNAG-CCC-138	+	77845969	77846041	TRNAG-CCC	NC_037342.1
OR4B1H	+	77914130	77918582	OR4B1H	NC_037342.1
OR4X2	+	77938056	77938985	OR4X2	NC_037342.1
OR4X5	+	77950829	77951758	OR4X5	NC_037342.1
OR4C45	+	77959064	78057808	OR4C45	NC_037342.1
OR4S1	+	77971227	77973616	OR4S1	NC_037342.1
TRNAC-GCA-162	+	78149050	78149121	TRNAC-GCA	NC_037342.1
OR4A47D	+	78201075	78202004	OR4A47D	NC_037342.1
OR4A47U	+	78224739	78225668	OR4A47U	NC_037342.1
OR4A47S	+	78229458	78231953	OR4A47S	NC_037342.1
OR4A47T	+	78251655	78252584	OR4A47T	NC_037342.1
OR4A47R	+	78258016	78258945	OR4A47R	NC_037342.1
OR4A47AC	+	78278421	78279347	OR4A47AC	NC_037342.1
OR4A47V	+	78298148	78299077	OR4A47V	NC_037342.1
OR4A2B	+	78355197	78356114	OR4A2B	NC_037342.1
OR4C1	+	78364680	78365606	OR4C1	NC_037342.1
OR4C1J	+	78377150	78378076	OR4C1J	NC_037342.1
OR5D79	+	78444246	78445196	OR5D79	NC_037342.1
OR5D77	+	78455338	78456285	OR5D77	NC_037342.1
OR5T1B	+	78626165	78627205	OR5T1B	NC_037342.1
OR5T1	+	78637723	78638751	OR5T1	NC_037342.1
OR5BE5	+	79013311	79014249	OR5BE5	NC_037342.1
OR8H13	+	79056636	79057887	OR8H13	NC_037342.1
OR5T21	+	79082308	79083228	OR5T21	NC_037342.1
OR8J2E	+	79099838	79100791	OR8J2E	NC_037342.1
OR8J12	+	79118375	79122438	OR8J12	NC_037342.1
OR8K67	+	79133695	79134645	OR8K67	NC_037342.1
OR8K56	+	79138553	79142823	OR8K56	NC_037342.1
OR8K61	+	79170849	79171790	OR8K61	NC_037342.1
OR8K64	+	79181701	79182642	OR8K64	NC_037342.1
LOC112441588	+	79199507	79214113	LOC112441588	NC_037342.1
OR8K5B	+	79238829	79239773	OR8K5B	NC_037342.1
OR8K1	+	79245652	79246611	OR8K1	NC_037342.1
OR8J19	+	79263821	79264747	OR8J19	NC_037342.1
OR5AL8	+	79335729	79336679	OR5AL8	NC_037342.1
OR8H14	+	79475282	79476190	OR8H14	NC_037342.1
OR8K63	+	79553600	79554484	OR8K63	NC_037342.1
OR8K60	+	79567960	79568901	OR8K60	NC_037342.1
OR8K5	+	79575054	79575995	OR8K5	NC_037342.1
OR8K1B	+	79588886	79589827	OR8K1B	NC_037342.1
OR8J17	+	79607876	79608802	OR8J17	NC_037342.1
OR8J15	+	79615087	79620811	OR8J15	NC_037342.1
OR8J3	+	79650608	79651561	OR8J3	NC_037342.1
OR8U9	+	79679654	79680613	OR8U9	NC_037342.1
OR5AL2	+	79695860	79696801	OR5AL2	NC_037342.1
OR5AR1	+	79857658	79858590	OR5AR1	NC_037342.1
OR9G3	+	79893580	79894503	OR9G3	NC_037342.1
OR5AK29	+	80160491	80161420	OR5AK29	NC_037342.1
OR5AK7	+	80176960	80177910	OR5AK7	NC_037342.1
OR5AK6	+	80211585	80212514	OR5AK6	NC_037342.1
OR5AK31	+	80225396	80226325	OR5AK31	NC_037342.1
OR5AK30	+	80252981	80253922	OR5AK30	NC_037342.1
LOC112441589	+	80365701	80366478	LOC112441589	NC_037342.1
LRRC55	+	80380359	80392114	LRRC55	NC_037342.1
RTN4RL2	+	80720334	80737302	RTN4RL2	NC_037342.1
LOC132342372	+	80781044	80788363	LOC132342372	NC_037342.1
SMTNL1	+	80800019	80814028	SMTNL1	NC_037342.1
MIR130A	+	80888253	80888341	MIR130A	NC_037342.1
CLP1	+	80893695	80903792	CLP1	NC_037342.1
ZDHHC5	+	80908881	80931169	ZDHHC5	NC_037342.1
TMX2	+	80941174	80949870	TMX2	NC_037342.1
SELENOH	+	80950919	80952558	SELENOH	NC_037342.1
CTNND1	+	80967284	81012627	CTNND1	NC_037342.1
OR6Q1	+	81121851	81225072	OR6Q1	NC_037342.1
OR9I2	+	81304129	81305264	OR9I2	NC_037342.1
OR9Q6	+	81371590	81372534	OR9Q6	NC_037342.1
OR1S7	+	81560634	81561581	OR1S7	NC_037342.1
ZFP91	+	81890454	81930171	ZFP91	NC_037342.1
CNTF	+	81927004	81934256	CNTF	NC_037342.1
TRNAF-GAA-17	+	81954704	81954776	TRNAF-GAA	NC_037342.1
LOC112441557	+	81972211	81974473	LOC112441557	NC_037342.1
FAM111B	+	82243220	82258716	FAM111B	NC_037342.1
DTX4	+	82295345	82339627	DTX4	NC_037342.1
OR5A1	+	82654179	82655135	OR5A1	NC_037342.1
OR4D32	+	82690516	82691451	OR4D32	NC_037342.1
OR4D11B	+	82702694	82703629	OR4D11B	NC_037342.1
OR4D31	+	82719102	82720040	OR4D31	NC_037342.1
OR4D11	+	82732546	82733481	OR4D11	NC_037342.1
OR4D9	+	82745953	82746888	OR4D9	NC_037342.1
OR4D9D	+	82759787	82761471	OR4D9D	NC_037342.1
TRNAR-UCU-15	+	82767225	82767310	TRNAR-UCU	NC_037342.1
LOC101907407	+	82875285	82913154	LOC101907407	NC_037342.1
LOC527077	+	82948025	82950333	LOC527077	NC_037342.1
STX3	+	82960918	83072619	STX3	NC_037342.1
OOSP2	+	83095368	83103258	OOSP2	NC_037342.1
MS4A3	+	83150270	83159313	MS4A3	NC_037342.1
MS4A2	+	83163650	83174951	MS4A2	NC_037342.1
MS4A7	+	83193239	83210473	MS4A7	NC_037342.1
MS4A14	+	83214109	83241884	MS4A14	NC_037342.1
MS4A5	+	83251844	83278961	MS4A5	NC_037342.1
MS4A1	+	83282895	83298116	MS4A1	NC_037342.1
MS4A13	+	83332937	83357748	MS4A13	NC_037342.1
LOC613282	+	83554531	83588895	LOC613282	NC_037342.1
GLB1L3	+	83593205	83625428	GLB1L3	NC_037342.1
GLB1L2	+	83633359	83673239	GLB1L2	NC_037342.1
LOC112441593	+	83951522	83955118	LOC112441593	NC_037342.1
OR4A2	+	84155077	84156569	OR4A2	NC_037342.1
OR4C160	+	84232029	84232958	OR4C160	NC_037342.1
OR4A2I	+	84390783	84391700	OR4A2I	NC_037342.1
OR4A2C	+	84426101	84427018	OR4A2C	NC_037342.1
TMEM183A	+	720312	735555	TMEM183A	NC_037343.1
PPFIA4	+	738783	791280	PPFIA4	NC_037343.1
TRNAY-GUA-42	+	823995	824062	TRNAY-GUA	NC_037343.1
ADORA1	+	915626	956850	ADORA1	NC_037343.1
BTG2	+	1087372	1091478	BTG2	NC_037343.1
PRELP	+	1238715	1252743	PRELP	NC_037343.1
OPTC	+	1256292	1266491	OPTC	NC_037343.1
ATP2B4	+	1398257	1500871	ATP2B4	NC_037343.1
LAX1	+	1505874	1518392	LAX1	NC_037343.1
ZC3H11A	+	1581557	1625418	ZC3H11A	NC_037343.1
LOC132342431	+	1588134	1588232	LOC132342431	NC_037343.1
LOC104974354	+	1791523	1824490	LOC104974354	NC_037343.1
SOX13	+	1881611	1912526	SOX13	NC_037343.1
LOC132342432	+	1937575	1947677	LOC132342432	NC_037343.1
LOC101907689	+	2078121	2084078	LOC101907689	NC_037343.1
LOC101907913	+	2124371	2139127	LOC101907913	NC_037343.1
TRNAK-UUU-23	+	2247970	2248042	TRNAK-UUU	NC_037343.1
NFASC	+	2605461	2806577	NFASC	NC_037343.1
CNTN2	+	2825692	2859058	CNTN2	NC_037343.1
LOC112441810	+	2905914	2912994	LOC112441810	NC_037343.1
LOC132342435	+	3008411	3013543	LOC132342435	NC_037343.1
CDK18	+	3248688	3275158	CDK18	NC_037343.1
MFSD4A	+	3334920	3362742	MFSD4A	NC_037343.1
LOC515828	+	3791114	3815263	LOC515828	NC_037343.1
SRGAP2	+	3999532	4254156	SRGAP2	NC_037343.1
RASSF5	+	4293882	4367202	RASSF5	NC_037343.1
DYRK3	+	4423704	4433850	DYRK3	NC_037343.1
MAPKAPK2	+	4468584	4516064	MAPKAPK2	NC_037343.1
LOC104974370	+	4552177	4555157	LOC104974370	NC_037343.1
IL19	+	4627533	4633644	IL19	NC_037343.1
IL20	+	4653188	4657811	IL20	NC_037343.1
IL24	+	4682082	4687765	IL24	NC_037343.1
PFKFB2	+	4871974	4900744	PFKFB2	NC_037343.1
TRNAE-CUC-26	+	4917037	4917109	TRNAE-CUC	NC_037343.1
LOC506707	+	5004967	5067445	LOC506707	NC_037343.1
LOC515150	+	5142476	5149841	LOC515150	NC_037343.1
CD55	+	5250713	5279400	CD55	NC_037343.1
CR2	+	5397412	5446688	CR2	NC_037343.1
CR1L	+	5455978	5527980	CR1L	NC_037343.1
KCNT2	+	6388138	6831319	KCNT2	NC_037343.1
LOC107133219	+	7063579	7068268	LOC107133219	NC_037343.1
LOC132342441	+	7620249	7725819	LOC132342441	NC_037343.1
LOC132342442	+	7731423	7739765	LOC132342442	NC_037343.1
LOC132342416	+	7741385	7748473	LOC132342416	NC_037343.1
LOC100848559	+	8128100	8152590	LOC100848559	NC_037343.1
UCHL5	+	12189427	12232357	UCHL5	NC_037343.1
LOC132342444	+	13277315	13285249	LOC132342444	NC_037343.1
BRINP3	+	15142579	15631140	BRINP3	NC_037343.1
LOC132342446	+	17103274	17111836	LOC132342446	NC_037343.1
LOC112441898	+	17672562	17672695	LOC112441898	NC_037343.1
LOC112441932	+	18566337	18566443	LOC112441932	NC_037343.1
LOC101901898	+	18953024	18956113	LOC101901898	NC_037343.1
RRP15	+	21737981	21791047	RRP15	NC_037343.1
TGFB2	+	21807973	21902408	TGFB2	NC_037343.1
LOC132342419	+	22168271	22178571	LOC132342419	NC_037343.1
LYPLAL1	+	22658588	22690680	LYPLAL1	NC_037343.1
LOC101904386	+	23074636	23098853	LOC101904386	NC_037343.1
LOC112441784	+	23239805	23253757	LOC112441784	NC_037343.1
MIR194B	+	23607939	23608023	MIR194B	NC_037343.1
MARK1	+	24016902	24156596	MARK1	NC_037343.1
C16H1orf115	+	24176353	24188885	C16H1orf115	NC_037343.1
MTARC1	+	24269763	24292860	MTARC1	NC_037343.1
TRNAG-UCC-88	+	24302419	24302491	TRNAG-UCC	NC_037343.1
LOC132342447	+	25191546	25193191	LOC132342447	NC_037343.1
TRNAT-UGU-8	+	26005834	26005906	TRNAT-UGU	NC_037343.1
MIA3	+	26096947	26159184	MIA3	NC_037343.1
BROX	+	26205195	26226551	BROX	NC_037343.1
FAM177B	+	26228501	26244541	FAM177B	NC_037343.1
DISP1	+	26296512	26518301	DISP1	NC_037343.1
LOC132342448	+	26930122	26937438	LOC132342448	NC_037343.1
FBXO28	+	27306978	27330899	FBXO28	NC_037343.1
DEGS1	+	27363456	27373731	DEGS1	NC_037343.1
CNIH4	+	27529034	27543276	CNIH4	NC_037343.1
CNIH3	+	27718423	27875795	CNIH3	NC_037343.1
LOC132342449	+	28486006	28494284	LOC132342449	NC_037343.1
LOC104974401	+	28506693	28510223	LOC104974401	NC_037343.1
SRP9	+	28800000	28810711	SRP9	NC_037343.1
EPHX1	+	28833420	28870961	EPHX1	NC_037343.1
LOC112441823	+	28936987	28945701	LOC112441823	NC_037343.1
LOC101902123	+	29323645	29324639	LOC101902123	NC_037343.1
PSEN2	+	29846184	29872548	PSEN2	NC_037343.1
AHCTF1	+	30410239	30506676	AHCTF1	NC_037343.1
KIF28	+	30506231	30587703	KIF28	NC_037343.1
H3-3D	+	30668107	30671732	H3-3D	NC_037343.1
TFB2M	+	30802365	30820745	TFB2M	NC_037343.1
SMYD3	+	30839282	31578960	SMYD3	NC_037343.1
LOC112441900	+	30874079	30874205	LOC112441900	NC_037343.1
LOC112441826	+	32032108	32033363	LOC112441826	NC_037343.1
LOC112441925	+	32301864	32301970	LOC112441925	NC_037343.1
HNRNPU	+	32404297	32413987	HNRNPU	NC_037343.1
C16H1orf202	+	32501519	32502193	C16H1orf202	NC_037343.1
ADSS2	+	32767321	32799777	ADSS2	NC_037343.1
LOC112441929	+	32845697	32845803	LOC112441929	NC_037343.1
CEP170	+	33885080	34015860	CEP170	NC_037343.1
PLD5	+	34429413	34853623	PLD5	NC_037343.1
TRNAC-ACA-156	+	35034296	35034367	TRNAC-ACA	NC_037343.1
CHML	+	35138365	35153721	CHML	NC_037343.1
OPN3	+	35169738	35178166	OPN3	NC_037343.1
FH	+	35260924	35288031	FH	NC_037343.1
RGS7	+	35395767	35882714	RGS7	NC_037343.1
TRNAY-GUA-43	+	35831568	35831639	TRNAY-GUA	NC_037343.1
LOC132342458	+	35911341	36041337	LOC132342458	NC_037343.1
XCL2	+	36150631	36154200	XCL2	NC_037343.1
XCL1	+	36164112	36167277	XCL1	NC_037343.1
LOC132342459	+	36214464	36228317	LOC132342459	NC_037343.1
LOC104974416	+	36228405	36243282	LOC104974416	NC_037343.1
ATP1B1	+	36759206	36784734	ATP1B1	NC_037343.1
LOC112441946	+	36773109	36773240	LOC112441946	NC_037343.1
BLZF1	+	37030317	37053639	BLZF1	NC_037343.1
LOC132342460	+	37363280	37384841	LOC132342460	NC_037343.1
GORAB	+	38087731	38110825	GORAB	NC_037343.1
LOC101901943	+	38175168	38185599	LOC101901943	NC_037343.1
MROH9	+	38495828	38646331	MROH9	NC_037343.1
TRNAE-UUC-87	+	38648107	38648179	TRNAE-UUC	NC_037343.1
FMO3	+	38649621	38676503	FMO3	NC_037343.1
LOC517828	+	38695334	38725170	LOC517828	NC_037343.1
FMO2	+	38756046	38800243	FMO2	NC_037343.1
FMO1	+	38801882	38849076	FMO1	NC_037343.1
FMO4	+	38865195	38904112	FMO4	NC_037343.1
PRRC2C	+	38985133	39080464	PRRC2C	NC_037343.1
METTL13	+	39186077	39202442	METTL13	NC_037343.1
DNM3	+	39259078	39910251	DNM3	NC_037343.1
C16H1orf105	+	39911970	40011417	C16H1orf105	NC_037343.1
TRNAY-GUA-44	+	39935062	39935133	TRNAY-GUA	NC_037343.1
SUCO	+	40018509	40108184	SUCO	NC_037343.1
FASLG	+	40161402	40169422	FASLG	NC_037343.1
LOC112441831	+	40187845	40405136	LOC112441831	NC_037343.1
LOC132342129	+	40454520	40664148	LOC132342129	NC_037343.1
LOC112441832	+	40803356	40821229	LOC112441832	NC_037343.1
DHRS3	+	41109685	41160245	DHRS3	NC_037343.1
LOC132342466	+	41478387	41481191	LOC132342466	NC_037343.1
KIAA2013	+	41753800	41759875	KIAA2013	NC_037343.1
NPPB	+	41822872	41824259	NPPB	NC_037343.1
NPPA	+	41834601	41835681	NPPA	NC_037343.1
MTHFR	+	41872973	41888013	MTHFR	NC_037343.1
LOC107133238	+	41947894	41963842	LOC107133238	NC_037343.1
MAD2L2	+	41990685	42003151	MAD2L2	NC_037343.1
LOC104974435	+	42141834	42145495	LOC104974435	NC_037343.1
MTOR	+	42392138	42515844	MTOR	NC_037343.1
SRM	+	42564305	42568355	SRM	NC_037343.1
MASP2	+	42581910	42597203	MASP2	NC_037343.1
CASZ1	+	42805089	42960428	CASZ1	NC_037343.1
DFFA	+	43110546	43120946	DFFA	NC_037343.1
LOC112441838	+	43564433	43594561	LOC112441838	NC_037343.1
TRNAG-CCC-143	+	43574381	43574453	TRNAG-CCC	NC_037343.1
LZIC	+	43600262	43626482	LZIC	NC_037343.1
CTNNBIP1	+	43628237	43675421	CTNNBIP1	NC_037343.1
CLSTN1	+	43711985	43788007	CLSTN1	NC_037343.1
LOC112441918	+	43800552	43800658	LOC112441918	NC_037343.1
LOC132342467	+	43978343	43984480	LOC132342467	NC_037343.1
LOC132342468	+	44050806	44081494	LOC132342468	NC_037343.1
LOC104974443	+	44179658	44191026	LOC104974443	NC_037343.1
LOC112441908	+	44322690	44322852	LOC112441908	NC_037343.1
LOC107131287	+	44378087	44407101	LOC107131287	NC_037343.1
RERE	+	44615915	45030951	RERE	NC_037343.1
LOC786597	+	45127459	45128173	LOC786597	NC_037343.1
LOC101906278	+	45164298	45192135	LOC101906278	NC_037343.1
LOC101906383	+	45207550	45248982	LOC101906383	NC_037343.1
ERRFI1	+	45352249	45366512	ERRFI1	NC_037343.1
TNFRSF9	+	45439420	45457708	TNFRSF9	NC_037343.1
LOC112441841	+	45889899	45891671	LOC112441841	NC_037343.1
DNAJC11	+	46707282	46777606	DNAJC11	NC_037343.1
KLHL21	+	46798739	46813319	KLHL21	NC_037343.1
NOL9	+	46832759	46848131	NOL9	NC_037343.1
PLEKHG5	+	46852175	46904386	PLEKHG5	NC_037343.1
HES2	+	46950090	46952595	HES2	NC_037343.1
LOC782560	+	46965262	46967802	LOC782560	NC_037343.1
GPR153	+	47090164	47101848	GPR153	NC_037343.1
ICMT	+	47112265	47121804	ICMT	NC_037343.1
CHD5	+	47156878	47228618	CHD5	NC_037343.1
LOC132342470	+	47258030	47260280	LOC132342470	NC_037343.1
NPHP4	+	47325369	47463906	NPHP4	NC_037343.1
LOC132342472	+	47865261	47866459	LOC132342472	NC_037343.1
LOC132342473	+	48687459	48699054	LOC132342473	NC_037343.1
C16H1orf174	+	49205593	49211521	C16H1orf174	NC_037343.1
CEP104	+	49228280	49268558	CEP104	NC_037343.1
MIR2320	+	49235905	49235979	MIR2320	NC_037343.1
LRRC47	+	49273654	49284794	LRRC47	NC_037343.1
WRAP73	+	49406215	49418227	WRAP73	NC_037343.1
LOC132342475	+	49630893	49636831	LOC132342475	NC_037343.1
LOC100848883	+	49992932	49995977	LOC100848883	NC_037343.1
TTC34	+	50240004	50264791	TTC34	NC_037343.1
MMEL1	+	50269712	50307733	MMEL1	NC_037343.1
LOC132342476	+	50311054	50318399	LOC132342476	NC_037343.1
HES5	+	50339652	50341211	HES5	NC_037343.1
PANK4	+	50343133	50358697	PANK4	NC_037343.1
PEX10	+	50437169	50442759	PEX10	NC_037343.1
MORN1	+	50452959	50502260	MORN1	NC_037343.1
FAAP20	+	50593781	50598411	FAAP20	NC_037343.1
LOC112441939	+	50661374	50661479	LOC112441939	NC_037343.1
CFAP74	+	50741403	50831132	CFAP74	NC_037343.1
LOC112441930	+	50848908	50849011	LOC112441930	NC_037343.1
GNB1	+	50856295	50933401	GNB1	NC_037343.1
SSU72	+	51053560	51078058	SSU72	NC_037343.1
TMEM240	+	51078410	51084984	TMEM240	NC_037343.1
ANKRD65	+	51125124	51128071	ANKRD65	NC_037343.1
MRPL20	+	51132332	51135371	MRPL20	NC_037343.1
MXRA8	+	51173009	51177364	MXRA8	NC_037343.1
DVL1	+	51179926	51192053	DVL1	NC_037343.1
INTS11	+	51201658	51211951	INTS11	NC_037343.1
UBE2J2	+	51239085	51251066	UBE2J2	NC_037343.1
C1QTNF12	+	51251807	51257855	C1QTNF12	NC_037343.1
SDF4	+	51270270	51282976	SDF4	NC_037343.1
TNFRSF18	+	51293350	51296445	TNFRSF18	NC_037343.1
C16H1orf159	+	51375328	51400873	C16H1orf159	NC_037343.1
RNF223	+	51400963	51407815	RNF223	NC_037343.1
LOC104974468	+	51441993	51453292	LOC104974468	NC_037343.1
HES4	+	51474157	51480577	HES4	NC_037343.1
PERM1	+	51493170	51498783	PERM1	NC_037343.1
LOC112441934	+	51888944	51889047	LOC112441934	NC_037343.1
AGMAT	+	51918775	51960466	AGMAT	NC_037343.1
CASP9	+	52000661	52023460	CASP9	NC_037343.1
LOC104974473	+	52574758	52588008	LOC104974473	NC_037343.1
LRRC38	+	54111496	54154654	LRRC38	NC_037343.1
LOC525101	+	54297708	54300583	LOC525101	NC_037343.1
LOC617709	+	54586422	54591596	LOC617709	NC_037343.1
LOC530538	+	54638018	54641840	LOC530538	NC_037343.1
PRDX6	+	54932648	54942564	PRDX6	NC_037343.1
KLHL20	+	55095212	55166511	KLHL20	NC_037343.1
ZBTB37	+	55238532	55266935	ZBTB37	NC_037343.1
LOC112441937	+	55448968	55449069	LOC112441937	NC_037343.1
LOC527428	+	55481252	55578212	LOC527428	NC_037343.1
GPR52	+	55747309	55751661	GPR52	NC_037343.1
RABGAP1L	+	56060506	56224347	RABGAP1L	NC_037343.1
LOC112441899	+	57120847	57120975	LOC112441899	NC_037343.1
LOC101902053	+	57425998	57482172	LOC101902053	NC_037343.1
BRINP2	+	58417469	58559784	BRINP2	NC_037343.1
TRNAG-CCC-145	+	58945070	58945142	TRNAG-CCC	NC_037343.1
LOC101902340	+	59224921	59225652	LOC101902340	NC_037343.1
RASAL2	+	59486782	59884533	RASAL2	NC_037343.1
TEX35	+	59914752	59972612	TEX35	NC_037343.1
RALGPS2	+	60124779	60290143	RALGPS2	NC_037343.1
TOR3A	+	60422988	60450964	TOR3A	NC_037343.1
SOAT1	+	60633316	60694899	SOAT1	NC_037343.1
TDRD5	+	60808673	60895060	TDRD5	NC_037343.1
FAM163A	+	60937407	61034748	FAM163A	NC_037343.1
TOR1AIP1	+	61095201	61140743	TOR1AIP1	NC_037343.1
CEP350	+	61174477	61337170	CEP350	NC_037343.1
LOC132342486	+	61238117	61246381	LOC132342486	NC_037343.1
LHX4	+	61427758	61473954	LHX4	NC_037343.1
XPR1	+	61819203	62021659	XPR1	NC_037343.1
KIAA1614	+	62045509	62088513	KIAA1614	NC_037343.1
MR1	+	62161324	62181661	MR1	NC_037343.1
IER5	+	62209120	62211288	IER5	NC_037343.1
TRNAW-CCA-90	+	62578088	62578159	TRNAW-CCA	NC_037343.1
CACNA1E	+	62611604	62949595	CACNA1E	NC_037343.1
RGSL1	+	63544044	63603883	RGSL1	NC_037343.1
LOC132342491	+	63714509	63717039	LOC132342491	NC_037343.1
NPL	+	63847785	63887944	NPL	NC_037343.1
DHX9	+	63896685	63937888	DHX9	NC_037343.1
TRNAS-GGA-90	+	64074312	64074383	TRNAS-GGA	NC_037343.1
LAMC2	+	64214064	64291348	LAMC2	NC_037343.1
LOC101906042	+	64343566	64384425	LOC101906042	NC_037343.1
RGL1	+	64684369	64961885	RGL1	NC_037343.1
TRNAC-GCA-163	+	64725811	64725882	TRNAC-GCA	NC_037343.1
TSEN15	+	65100661	65130521	TSEN15	NC_037343.1
LOC132342423	+	65285473	65326193	LOC132342423	NC_037343.1
C16H1orf21	+	65413343	65655689	C16H1orf21	NC_037343.1
RNF2	+	66079569	66124320	RNF2	NC_037343.1
SWT1	+	66166536	66274077	SWT1	NC_037343.1
TRNAC-ACA-160	+	66275603	66275674	TRNAC-ACA	NC_037343.1
HMCN1	+	66705632	67245735	HMCN1	NC_037343.1
PRG4	+	67380946	67397935	PRG4	NC_037343.1
LOC107133263	+	67448412	67449072	LOC107133263	NC_037343.1
ODR4	+	67461860	67498406	ODR4	NC_037343.1
PLA2G4A	+	67907024	68081280	PLA2G4A	NC_037343.1
TRNAV-CAC-16	+	68450460	68450532	TRNAV-CAC	NC_037343.1
LOC132342495	+	68697611	68701545	LOC132342495	NC_037343.1
LOC112441860	+	68991895	69002267	LOC112441860	NC_037343.1
PTPN14	+	69034489	69230689	PTPN14	NC_037343.1
TRNAG-CCC-148	+	70411235	70411307	TRNAG-CCC	NC_037343.1
LOC112441862	+	70441578	70444793	LOC112441862	NC_037343.1
ANGEL2	+	70580418	70598526	ANGEL2	NC_037343.1
LOC101906305	+	70639700	70652349	LOC101906305	NC_037343.1
LOC132342501	+	70678064	70684818	LOC132342501	NC_037343.1
SPATA45	+	70729199	70741626	SPATA45	NC_037343.1
NSL1	+	70771022	70806435	NSL1	NC_037343.1
BATF3	+	70845119	70859150	BATF3	NC_037343.1
PACC1	+	71144037	71179550	PACC1	NC_037343.1
INTS7	+	71466468	71549865	INTS7	NC_037343.1
TRNAC-GCA-165	+	71719447	71719518	TRNAC-GCA	NC_037343.1
LOC132342503	+	71799871	71805487	LOC132342503	NC_037343.1
SLC30A1	+	71867915	71872152	SLC30A1	NC_037343.1
RD3	+	71957090	71973782	RD3	NC_037343.1
TRNAG-CCC-149	+	72026730	72026802	TRNAG-CCC	NC_037343.1
KCNH1	+	72205829	72647121	KCNH1	NC_037343.1
TRNAR-GCG-14	+	72385454	72385525	TRNAR-GCG	NC_037343.1
LOC112441928	+	72677854	72677960	LOC112441928	NC_037343.1
TRNAW-CCA-92	+	72956886	72956959	TRNAW-CCA	NC_037343.1
LOC112441917	+	72967480	72967597	LOC112441917	NC_037343.1
LOC132342426	+	73482946	73486566	LOC132342426	NC_037343.1
IRF6	+	73502160	73518532	IRF6	NC_037343.1
C16H1orf74	+	73522234	73524534	C16H1orf74	NC_037343.1
LAMB3	+	73647145	73712354	LAMB3	NC_037343.1
LOC104974530	+	73908349	73946737	LOC104974530	NC_037343.1
LOC112441796	+	74772073	74773455	LOC112441796	NC_037343.1
LOC112441901	+	74935343	74935477	LOC112441901	NC_037343.1
MIR29C	+	75577606	75577693	MIR29C	NC_037343.1
MIR29D	+	75660913	75661000	MIR29D	NC_037343.1
LOC519127	+	75893207	75913131	LOC519127	NC_037343.1
LOC132342508	+	75935661	75944003	LOC132342508	NC_037343.1
F13B	+	75945845	75966727	F13B	NC_037343.1
CFHR5	+	75978347	76012209	CFHR5	NC_037343.1
C16H1orf53	+	76847231	76853907	C16H1orf53	NC_037343.1
LHX9	+	76858125	76878930	LHX9	NC_037343.1
LOC112441875	+	77490716	77496772	LOC112441875	NC_037343.1
LOC104974538	+	77516914	77520274	LOC104974538	NC_037343.1
LOC104974541	+	77690886	77693927	LOC104974541	NC_037343.1
NR5A2	+	78828946	78957232	NR5A2	NC_037343.1
LOC112441919	+	79212234	79212340	LOC112441919	NC_037343.1
LOC112441920	+	79238537	79238643	LOC112441920	NC_037343.1
CAMSAP2	+	79375492	79473139	CAMSAP2	NC_037343.1
GPR25	+	79476361	79482111	GPR25	NC_037343.1
INAVA	+	79497853	79516937	INAVA	NC_037343.1
LOC101905351	+	79517017	79536248	LOC101905351	NC_037343.1
LOC104974554	+	79536298	79541057	LOC104974554	NC_037343.1
IGFN1	+	79716679	79746615	IGFN1	NC_037343.1
PKP1	+	79787223	79824967	PKP1	NC_037343.1
MGAT4F	+	79847422	79854037	MGAT4F	NC_037343.1
CYB5R1	+	79860455	79865628	CYB5R1	NC_037343.1
KLHL12	+	79889010	79912287	KLHL12	NC_037343.1
RABIF	+	79913789	79917703	RABIF	NC_037343.1
KDM5B	+	79949956	80023619	KDM5B	NC_037343.1
SYT2	+	80125490	80133443	SYT2	NC_037343.1
LOC112441909	+	80270236	80270426	LOC112441909	NC_037343.1
UBE2T	+	80305103	80309733	UBE2T	NC_037343.1
PTPN7	+	80421128	80428744	PTPN7	NC_037343.1
ARL8A	+	80429830	80437116	ARL8A	NC_037343.1
LMOD1	+	80548456	80575804	LMOD1	NC_037343.1
LOC112441885	+	80596553	80608974	LOC112441885	NC_037343.1
LOC104974455	+	80615795	80625555	LOC104974455	NC_037343.1
LOC132342512	+	80689025	80692205	LOC132342512	NC_037343.1
LOC112441887	+	80753349	80762274	LOC112441887	NC_037343.1
CSRP1	+	80847175	80867560	CSRP1	NC_037343.1
TNNI1	+	80900873	80906693	TNNI1	NC_037343.1
LAD1	+	80916091	80928916	LAD1	NC_037343.1
TNNT2	+	80931674	80943043	TNNT2	NC_037343.1
KLHL2	+	339688	511268	KLHL2	NC_037344.1
MSMO1	+	517449	534144	MSMO1	NC_037344.1
CPE	+	573369	721443	CPE	NC_037344.1
MIR2285J-1	+	1365821	1365889	MIR2285J-1	NC_037344.1
LOC112441988	+	2362110	2383378	LOC112441988	NC_037344.1
FGG	+	2840840	2848784	FGG	NC_037344.1
PLRG1	+	2912573	2930442	PLRG1	NC_037344.1
LOC539323	+	3197620	3333575	LOC539323	NC_037344.1
LOC132342572	+	3531164	3582606	LOC132342572	NC_037344.1
SFRP2	+	3834470	3843043	SFRP2	NC_037344.1
LOC101907174	+	4346439	4367656	LOC101907174	NC_037344.1
LOC132342574	+	4413681	4424262	LOC132342574	NC_037344.1
TRNAW-CCA-94	+	4487471	4487542	TRNAW-CCA	NC_037344.1
LOC112442011	+	4711701	4718855	LOC112442011	NC_037344.1
LOC132342575	+	4760618	4770637	LOC132342575	NC_037344.1
TIGD4	+	4887627	4902571	TIGD4	NC_037344.1
TRNAY-GUA-47	+	5096162	5096234	TRNAY-GUA	NC_037344.1
TRNAW-CCA-95	+	5627575	5627646	TRNAW-CCA	NC_037344.1
LOC112442012	+	5679283	5701083	LOC112442012	NC_037344.1
LOC132342579	+	5732735	5736014	LOC132342579	NC_037344.1
LOC112442135	+	6382900	6383004	LOC112442135	NC_037344.1
SH3D19	+	6491149	6700738	SH3D19	NC_037344.1
LOC100336104	+	6722171	6744879	LOC100336104	NC_037344.1
TRNAE-UUC-92	+	7794462	7794534	TRNAE-UUC	NC_037344.1
IQCM	+	8033847	8543149	IQCM	NC_037344.1
LOC132342557	+	8968755	8969821	LOC132342557	NC_037344.1
LOC112441991	+	9203510	9235601	LOC112441991	NC_037344.1
MIR12037	+	9646778	9646843	MIR12037	NC_037344.1
TRNAC-ACA-161	+	10038909	10038980	TRNAC-ACA	NC_037344.1
PRMT9	+	10454873	10487505	PRMT9	NC_037344.1
LOC112442130	+	10659512	10659615	LOC112442130	NC_037344.1
LOC101906544	+	11159961	11229213	LOC101906544	NC_037344.1
TTC29	+	11330397	11607476	TTC29	NC_037344.1
SLC10A7	+	11769073	12091673	SLC10A7	NC_037344.1
OTUD4	+	13109682	13152071	OTUD4	NC_037344.1
ANAPC10	+	13186719	13269725	ANAPC10	NC_037344.1
LOC132342669	+	13558166	13561782	LOC132342669	NC_037344.1
GYPA	+	14040368	14066548	GYPA	NC_037344.1
FREM3	+	14229438	14337670	FREM3	NC_037344.1
LOC101906545	+	14476846	14479288	LOC101906545	NC_037344.1
TRNAK-UUU-26	+	14562332	14562404	TRNAK-UUU	NC_037344.1
INPP4B	+	15374623	15829997	INPP4B	NC_037344.1
RNF150	+	16637552	16919319	RNF150	NC_037344.1
TRNAR-CCU-27	+	16868742	16868814	TRNAR-CCU	NC_037344.1
TBC1D9	+	17013319	17142008	TBC1D9	NC_037344.1
UCP1	+	17164396	17171257	UCP1	NC_037344.1
MGAT4D	+	17204043	17267465	MGAT4D	NC_037344.1
CLGN	+	17272256	17317338	CLGN	NC_037344.1
LOC107133280	+	17336439	17472998	LOC107133280	NC_037344.1
SETD7	+	18156202	18212821	SETD7	NC_037344.1
LOC100848703	+	18265698	18268236	LOC100848703	NC_037344.1
NDUFC1	+	18388843	18392749	NDUFC1	NC_037344.1
ELF2	+	18474841	18574676	ELF2	NC_037344.1
LOC132342586	+	18915184	18969318	LOC132342586	NC_037344.1
SLC7A11	+	19415087	19502270	SLC7A11	NC_037344.1
PCDH18	+	20288010	20302088	PCDH18	NC_037344.1
LOC618377	+	21203652	21204558	LOC618377	NC_037344.1
LOC132342559	+	21426307	21455608	LOC132342559	NC_037344.1
PABPC4L	+	24091059	24096167	PABPC4L	NC_037344.1
LOC132342588	+	24791404	24799683	LOC132342588	NC_037344.1
LOC112442020	+	25071312	25114704	LOC112442020	NC_037344.1
LOC132342589	+	26473707	26803979	LOC132342589	NC_037344.1
SCLT1	+	28706201	28944607	SCLT1	NC_037344.1
LOC112442021	+	29105760	29153302	LOC112442021	NC_037344.1
LOC101903064	+	29365375	29365820	LOC101903064	NC_037344.1
PGRMC2	+	29460505	29478968	PGRMC2	NC_037344.1
LOC112442022	+	29514199	29567495	LOC112442022	NC_037344.1
MFSD8	+	29733391	29771066	MFSD8	NC_037344.1
LOC112442024	+	29792127	29816685	LOC112442024	NC_037344.1
LOC132342560	+	30135572	30145963	LOC132342560	NC_037344.1
ANKRD50	+	33129792	33170654	ANKRD50	NC_037344.1
LOC132342595	+	34022716	34038565	LOC132342595	NC_037344.1
LOC112442026	+	34265135	34278388	LOC112442026	NC_037344.1
LOC132342596	+	34358263	34361217	LOC132342596	NC_037344.1
LOC132342597	+	34730706	34735018	LOC132342597	NC_037344.1
LOC132342670	+	34771860	34771997	LOC132342670	NC_037344.1
TRNAC-ACA-163	+	34819653	34819724	TRNAC-ACA	NC_037344.1
CETN4	+	34949127	34953268	CETN4	NC_037344.1
IL21	+	35063113	35070244	IL21	NC_037344.1
IL2	+	35217965	35222759	IL2	NC_037344.1
LOC112442030	+	35275276	35296860	LOC112442030	NC_037344.1
FSTL5	+	36260815	37191054	FSTL5	NC_037344.1
C17H4orf45	+	39983282	40116755	C17H4orf45	NC_037344.1
LOC101904878	+	40236400	40241766	LOC101904878	NC_037344.1
PPID	+	40279452	40292371	PPID	NC_037344.1
LOC132342600	+	40764427	40786559	LOC132342600	NC_037344.1
LOC112441997	+	41294620	41296998	LOC112441997	NC_037344.1
LOC112441998	+	41353989	41359755	LOC112441998	NC_037344.1
TRNAC-GCA-169	+	41838296	41838367	TRNAC-GCA	NC_037344.1
MIR2321	+	41994876	41994941	MIR2321	NC_037344.1
PDGFC	+	42226267	42479691	PDGFC	NC_037344.1
CTSO	+	43357493	43383523	CTSO	NC_037344.1
LOC112442123	+	43381106	43381209	LOC112442123	NC_037344.1
LOC101904168	+	43726273	43730474	LOC101904168	NC_037344.1
ZNF26	+	44000905	44030778	ZNF26	NC_037344.1
ZNF140	+	44110135	44122188	ZNF140	NC_037344.1
ZNF10	+	44157095	44171173	ZNF10	NC_037344.1
MBD3L1	+	44256793	44259222	MBD3L1	NC_037344.1
GOLGA3	+	44423367	44470265	GOLGA3	NC_037344.1
POLE	+	44522947	44584008	POLE	NC_037344.1
LRCOL1	+	44602556	44613212	LRCOL1	NC_037344.1
GALNT9	+	44853959	44968901	GALNT9	NC_037344.1
DDX51	+	45021108	45028762	DDX51	NC_037344.1
LOC112442032	+	45153354	45156205	LOC112442032	NC_037344.1
LOC132342605	+	45391815	45399615	LOC132342605	NC_037344.1
LOC132342607	+	46037179	46037954	LOC132342607	NC_037344.1
TRNAC-ACA-164	+	46164476	46164549	TRNAC-ACA	NC_037344.1
TRNAW-CCA-99	+	46200847	46200919	TRNAW-CCA	NC_037344.1
STX2	+	46316718	46383190	STX2	NC_037344.1
SLC15A4	+	48308901	48338172	SLC15A4	NC_037344.1
LOC112442002	+	49843162	49856805	LOC112442002	NC_037344.1
DHX37	+	50838174	50868905	DHX37	NC_037344.1
TRNAD-GUC-11	+	50874263	50874334	TRNAD-GUC	NC_037344.1
TRNAD-GUC-12	+	50877234	50877305	TRNAD-GUC	NC_037344.1
SCARB1	+	50929239	51022466	SCARB1	NC_037344.1
LOC112442003	+	51184506	51186751	LOC112442003	NC_037344.1
NCOR2	+	51223534	51460884	NCOR2	NC_037344.1
MIR2322	+	51521477	51521546	MIR2322	NC_037344.1
LOC104974633	+	51566582	51585934	LOC104974633	NC_037344.1
TRNAF-AAA-9	+	51623514	51623586	TRNAF-AAA	NC_037344.1
CCDC92	+	51756677	51793064	CCDC92	NC_037344.1
EIF2B1	+	52050286	52061230	EIF2B1	NC_037344.1
TRNAG-CCC-154	+	52105730	52105802	TRNAG-CCC	NC_037344.1
RILPL1	+	52111673	52153384	RILPL1	NC_037344.1
LOC112442136	+	52194968	52195079	LOC112442136	NC_037344.1
SBNO1	+	52238795	52295874	SBNO1	NC_037344.1
MPHOSPH9	+	52333197	52388795	MPHOSPH9	NC_037344.1
PITPNM2	+	52389654	52553696	PITPNM2	NC_037344.1
ABCB9	+	52561839	52603864	ABCB9	NC_037344.1
HCAR1	+	52790484	52791491	HCAR1	NC_037344.1
LOC101902760	+	52805955	52806300	LOC101902760	NC_037344.1
HCAR2	+	52808354	52810466	HCAR2	NC_037344.1
ZCCHC8	+	52946671	52968733	ZCCHC8	NC_037344.1
CLIP1	+	52998915	53115694	CLIP1	NC_037344.1
VPS33A	+	53121010	53150580	VPS33A	NC_037344.1
LOC100335936	+	53148357	53148997	LOC100335936	NC_037344.1
LOC132342613	+	53151307	53156197	LOC132342613	NC_037344.1
DIABLO	+	53156291	53173980	DIABLO	NC_037344.1
RHOF	+	53509789	53523522	RHOF	NC_037344.1
MORN3	+	53593851	53605590	MORN3	NC_037344.1
ANAPC5	+	53827416	53862505	ANAPC5	NC_037344.1
CAMKK2	+	53870729	53923316	CAMKK2	NC_037344.1
LOC132342549	+	53941666	53954007	LOC132342549	NC_037344.1
LOC112442039	+	54074665	54075001	LOC112442039	NC_037344.1
TRNAD-GUC-13	+	54169884	54169956	TRNAD-GUC	NC_037344.1
ATP2A2	+	54211193	54268644	ATP2A2	NC_037344.1
RAD9B	+	54377534	54406466	RAD9B	NC_037344.1
CCDC63	+	54667572	54705548	CCDC63	NC_037344.1
CUX2	+	54818550	55096432	CUX2	NC_037344.1
SH2B3	+	55140779	55178298	SH2B3	NC_037344.1
ACAD10	+	55280235	55389656	ACAD10	NC_037344.1
TRNAG-CCC-155	+	55353897	55353969	TRNAG-CCC	NC_037344.1
LOC511425	+	55400988	55450323	LOC511425	NC_037344.1
CIT	+	55566552	55741850	CIT	NC_037344.1
TRNAC-ACA-165	+	55580008	55580079	TRNAC-ACA	NC_037344.1
LOC112442041	+	56500883	56507707	LOC112442041	NC_037344.1
TAOK3	+	56882965	57072044	TAOK3	NC_037344.1
LOC107133301	+	57084851	57099831	LOC107133301	NC_037344.1
VSIG10	+	57115795	57158485	VSIG10	NC_037344.1
WSB2	+	57161883	57182384	WSB2	NC_037344.1
KSR2	+	57194025	57679396	KSR2	NC_037344.1
LOC112442117	+	57335124	57335230	LOC112442117	NC_037344.1
NOS1	+	57692151	57900831	NOS1	NC_037344.1
FBXO21	+	57900925	57940018	FBXO21	NC_037344.1
TESC	+	57955867	58020257	TESC	NC_037344.1
SPRING1	+	58250482	58369233	SPRING1	NC_037344.1
LOC104974658	+	58302652	58304995	LOC104974658	NC_037344.1
LOC104974661	+	58967593	58974837	LOC104974661	NC_037344.1
LOC112442116	+	59325625	59325731	LOC112442116	NC_037344.1
TRNAE-CUC-31	+	59957444	59957516	TRNAE-CUC	NC_037344.1
TBX3	+	60087849	60102076	TBX3	NC_037344.1
TBX5	+	60267428	60317389	TBX5	NC_037344.1
LOC132342628	+	60538631	60549208	LOC132342628	NC_037344.1
RBM19	+	60618745	60739667	RBM19	NC_037344.1
LHX5	+	60981908	60991128	LHX5	NC_037344.1
TRNAG-CCC-156	+	60998921	60998993	TRNAG-CCC	NC_037344.1
SDS	+	61030670	61038845	SDS	NC_037344.1
TRNAG-GCC-25	+	61128903	61128973	TRNAG-GCC	NC_037344.1
CFAP73	+	61167275	61176236	CFAP73	NC_037344.1
TRNAG-CCC-157	+	61183492	61183564	TRNAG-CCC	NC_037344.1
LOC112442121	+	61775667	61775773	LOC112442121	NC_037344.1
RPL6	+	61837387	61842321	RPL6	NC_037344.1
HECTD4	+	61854181	62024800	HECTD4	NC_037344.1
LOC112442096	+	61940720	61940867	LOC112442096	NC_037344.1
NAA25	+	62067779	62133903	NAA25	NC_037344.1
LOC132342551	+	62476445	62476950	LOC132342551	NC_037344.1
LOC112442112	+	62539528	62539664	LOC112442112	NC_037344.1
LOC101902407	+	62555822	62559648	LOC101902407	NC_037344.1
SIRT4	+	62623541	62639895	SIRT4	NC_037344.1
LOC112441980	+	62686457	62689266	LOC112441980	NC_037344.1
COX6A1	+	62744136	62746010	COX6A1	NC_037344.1
GATC	+	62749438	62755941	GATC	NC_037344.1
DYNLL1	+	62791482	62793912	DYNLL1	NC_037344.1
RNF10	+	62816665	62850320	RNF10	NC_037344.1
MLEC	+	62933572	62943567	MLEC	NC_037344.1
UNC119B	+	62955353	62964687	UNC119B	NC_037344.1
ACADS	+	62969284	62985757	ACADS	NC_037344.1
HNF1A	+	63165815	63182551	HNF1A	NC_037344.1
TRNAW-CCA-101	+	63247193	63247265	TRNAW-CCA	NC_037344.1
GIT2	+	63304654	63347353	GIT2	NC_037344.1
TRPV4	+	63410166	63447170	TRPV4	NC_037344.1
LOC112442054	+	63475940	63481147	LOC112442054	NC_037344.1
LOC132342633	+	63520814	63530082	LOC132342633	NC_037344.1
MMAB	+	63628778	63639339	MMAB	NC_037344.1
KCTD10	+	63697026	63726375	KCTD10	NC_037344.1
FOXN4	+	63818770	63841781	FOXN4	NC_037344.1
ALKBH2	+	63977745	63983575	ALKBH2	NC_037344.1
SVOP	+	64019338	64092372	SVOP	NC_037344.1
SSH1	+	64125266	64181177	SSH1	NC_037344.1
TRNAG-CCC-159	+	64186800	64186873	TRNAG-CCC	NC_037344.1
CORO1C	+	64208727	64285346	CORO1C	NC_037344.1
SELPLG	+	64298475	64314723	SELPLG	NC_037344.1
TMEM119	+	64320806	64333743	TMEM119	NC_037344.1
SART3	+	64364546	64405642	SART3	NC_037344.1
CMKLR1	+	64539524	64584222	CMKLR1	NC_037344.1
TRNAC-ACA-167	+	65001058	65001129	TRNAC-ACA	NC_037344.1
CRYBB2	+	65304388	65318606	CRYBB2	NC_037344.1
TRNAS-GGA-91	+	65785751	65785822	TRNAS-GGA	NC_037344.1
SEZ6L	+	65871786	66064391	SEZ6L	NC_037344.1
ASPHD2	+	66075341	66107867	ASPHD2	NC_037344.1
SRRD	+	66140601	66172084	SRRD	NC_037344.1
LOC132342639	+	66232026	66235346	LOC132342639	NC_037344.1
LOC100847159	+	66294876	66311987	LOC100847159	NC_037344.1
LOC132342641	+	66330215	66332694	LOC132342641	NC_037344.1
TRNAG-ACC-9	+	66426344	66426416	TRNAG-ACC	NC_037344.1
LOC132342643	+	66575601	66675841	LOC132342643	NC_037344.1
TRNAW-CCA-103	+	67068738	67068811	TRNAW-CCA	NC_037344.1
HSCB	+	68012846	68023701	HSCB	NC_037344.1
LOC101903066	+	68057072	68229663	LOC101903066	NC_037344.1
ZNRF3	+	68259378	68404306	ZNRF3	NC_037344.1
GAS2L1	+	68582956	68588420	GAS2L1	NC_037344.1
LOC132342646	+	68866166	68870553	LOC132342646	NC_037344.1
UQCR10	+	68887320	68889516	UQCR10	NC_037344.1
LOC101904268	+	68921836	68924143	LOC101904268	NC_037344.1
LOC132342554	+	68942606	68971835	LOC132342554	NC_037344.1
MTMR3	+	68971311	69102738	MTMR3	NC_037344.1
HORMAD2	+	69132619	69203820	HORMAD2	NC_037344.1
SEC14L2	+	69398568	69421356	SEC14L2	NC_037344.1
MTFP1	+	69423142	69436701	MTFP1	NC_037344.1
TRNAS-GGA-92	+	69549894	69549965	TRNAS-GGA	NC_037344.1
TCN2	+	69579627	69595610	TCN2	NC_037344.1
SLC35E4	+	69601336	69607796	SLC35E4	NC_037344.1
C17H5orf52	+	69624104	69628760	C17H5orf52	NC_037344.1
OSBP2	+	69639874	69793488	OSBP2	NC_037344.1
TUG1	+	69861509	69871052	TUG1	NC_037344.1
SMTN	+	69935077	69961377	SMTN	NC_037344.1
INPP5J	+	69971834	69982622	INPP5J	NC_037344.1
RNF185	+	70004947	70035092	RNF185	NC_037344.1
LIMK2	+	70038814	70093301	LIMK2	NC_037344.1
MIR11976-1	+	70143918	70143980	MIR11976-1	NC_037344.1
DRG1	+	70169984	70184879	DRG1	NC_037344.1
SFI1	+	70234471	70322429	SFI1	NC_037344.1
DEPDC5	+	70405074	70478005	DEPDC5	NC_037344.1
YWHAH	+	70503575	70513346	YWHAH	NC_037344.1
SLC5A1	+	70572158	70620169	SLC5A1	NC_037344.1
LOC789205	+	70689595	71137767	LOC789205	NC_037344.1
LOC112442063	+	70765109	70765752	LOC112442063	NC_037344.1
LOC100852304	+	70779127	70779879	LOC100852304	NC_037344.1
LOC112442064	+	70792956	70793600	LOC112442064	NC_037344.1
LOC132342653	+	70816924	70817605	LOC132342653	NC_037344.1
LOC132342657	+	70829111	70829871	LOC132342657	NC_037344.1
LOC112442067	+	70835640	70836943	LOC112442067	NC_037344.1
LOC132342666	+	70844093	70844716	LOC132342666	NC_037344.1
LOC112441477	+	70874527	70875040	LOC112441477	NC_037344.1
LOC132342654	+	70885049	70885689	LOC132342654	NC_037344.1
LOC132342667	+	70898658	70899204	LOC132342667	NC_037344.1
TRNAS-GGA-93	+	70900849	70900920	TRNAS-GGA	NC_037344.1
LOC132342668	+	70949468	70950202	LOC132342668	NC_037344.1
LOC132342652	+	71069330	71070100	LOC132342652	NC_037344.1
LOC132342655	+	71087809	71088554	LOC132342655	NC_037344.1
LOC100847119	+	71092538	71094241	LOC100847119	NC_037344.1
LOC112442062	+	71109599	71125218	LOC112442062	NC_037344.1
LOC112442088	+	71126155	71131533	LOC112442088	NC_037344.1
LOC100297192	+	71171966	71172443	LOC100297192	NC_037344.1
LOC101903757	+	71203528	71208995	LOC101903757	NC_037344.1
C17H22orf15	+	71224137	71225647	C17H22orf15	NC_037344.1
MMP11	+	71231350	71240512	MMP11	NC_037344.1
SLC2A11	+	71270421	71285559	SLC2A11	NC_037344.1
MIF	+	71292117	71292909	MIF	NC_037344.1
GSTT4	+	71306063	71316088	GSTT4	NC_037344.1
GSTT1	+	71318659	71326528	GSTT1	NC_037344.1
GSTT2	+	71328565	71334085	GSTT2	NC_037344.1
DDT	+	71335068	71337741	DDT	NC_037344.1
CABIN1	+	71345580	71417145	CABIN1	NC_037344.1
MIR2893	+	71364813	71364873	MIR2893	NC_037344.1
SUSD2	+	71426379	71433950	SUSD2	NC_037344.1
GUCD1	+	71503824	71515636	GUCD1	NC_037344.1
TOP3B	+	71951333	71966904	TOP3B	NC_037344.1
PPM1F	+	71967746	71987209	PPM1F	NC_037344.1
YPEL1	+	72068591	72082447	YPEL1	NC_037344.1
YDJC	+	72123968	72126067	YDJC	NC_037344.1
RIMBP3B	+	72161866	72167144	RIMBP3B	NC_037344.1
HIC2	+	72179017	72198470	HIC2	NC_037344.1
TMEM191C	+	72202175	72216833	TMEM191C	NC_037344.1
SERPIND1	+	72232285	72238750	SERPIND1	NC_037344.1
SNAP29	+	72268794	72280357	SNAP29	NC_037344.1
CRKL	+	72288334	72307359	CRKL	NC_037344.1
AIFM3	+	72315293	72326197	AIFM3	NC_037344.1
LZTR1	+	72326813	72339649	LZTR1	NC_037344.1
LOC132342663	+	72348576	72350744	LOC132342663	NC_037344.1
P2RX6	+	72363008	72372417	P2RX6	NC_037344.1
LOC100295712	+	72387330	72398903	LOC100295712	NC_037344.1
SMPD4	+	72403696	72419365	SMPD4	NC_037344.1
CCDC74B	+	72425800	72430474	CCDC74B	NC_037344.1
KLHL22	+	72484065	72505790	KLHL22	NC_037344.1
SCARF2	+	72508636	72519966	SCARF2	NC_037344.1
LOC112441985	+	72558372	72559861	LOC112441985	NC_037344.1
TSSK1B	+	72591117	72592556	TSSK1B	NC_037344.1
TSSK2	+	72595819	72597020	TSSK2	NC_037344.1
CDC45	+	72717346	72732364	CDC45	NC_037344.1
TBX1	+	72822756	72830127	TBX1	NC_037344.1
COMT	+	72900703	72915709	COMT	NC_037344.1
DGCR8	+	72976003	72990315	DGCR8	NC_037344.1
MIR1306	+	72976118	72976175	MIR1306	NC_037344.1
RANBP1	+	72993558	73000402	RANBP1	NC_037344.1
ZDHHC8	+	73001850	73015257	ZDHHC8	NC_037344.1
PRODH	+	73105792	73123446	PRODH	NC_037344.1
LOC112442084	+	73128321	73131069	LOC112442084	NC_037344.1
LOC112441987	+	73155144	73156943	LOC112441987	NC_037344.1
LOC132342767	+	806891	810037	LOC132342767	NC_037345.1
LOC132342768	+	815735	825079	LOC132342768	NC_037345.1
LOC101902240	+	1002073	1023851	LOC101902240	NC_037345.1
VAC14	+	1411471	1487893	VAC14	NC_037345.1
TRNAG-GCC-28	+	1423807	1423877	TRNAG-GCC	NC_037345.1
MTSS2	+	1488769	1510447	MTSS2	NC_037345.1
COG4	+	1618164	1643272	COG4	NC_037345.1
ST3GAL2	+	1678046	1725461	ST3GAL2	NC_037345.1
AARS1	+	1753579	1813087	AARS1	NC_037345.1
EXOSC6	+	1814292	1815582	EXOSC6	NC_037345.1
TRNAG-GCC-29	+	1819426	1819496	TRNAG-GCC	NC_037345.1
LOC132342770	+	1863901	1866221	LOC132342770	NC_037345.1
LOC132342771	+	2286758	2293122	LOC132342771	NC_037345.1
ZFP1	+	2472813	2503929	ZFP1	NC_037345.1
LOC112442468	+	2538123	2538229	LOC112442468	NC_037345.1
LOC100848132	+	2562895	2567911	LOC100848132	NC_037345.1
LOC618826	+	2568001	2572544	LOC618826	NC_037345.1
LOC101903645	+	2753344	2768317	LOC101903645	NC_037345.1
GABARAPL2	+	2868294	2878361	GABARAPL2	NC_037345.1
TERF2IP	+	2937400	2943919	TERF2IP	NC_037345.1
TRNAY-GUA-49	+	2958850	2958921	TRNAY-GUA	NC_037345.1
LOC132342775	+	2979932	3064437	LOC132342775	NC_037345.1
LOC132342776	+	3073243	3105310	LOC132342776	NC_037345.1
CNTNAP4	+	3420480	3733643	CNTNAP4	NC_037345.1
LOC112442231	+	4359475	4362186	LOC112442231	NC_037345.1
MON1B	+	4411376	4423090	MON1B	NC_037345.1
SYCE1L	+	4420657	4450666	SYCE1L	NC_037345.1
CLEC3A	+	5201404	5210890	CLEC3A	NC_037345.1
WWOX	+	5240500	6171219	WWOX	NC_037345.1
LOC132342707	+	5569336	5614836	LOC132342707	NC_037345.1
MIR2285AL	+	5574524	5574603	MIR2285AL	NC_037345.1
LOC132342708	+	5997220	6012831	LOC132342708	NC_037345.1
DYNLRB2	+	7325774	7335889	DYNLRB2	NC_037345.1
CENPN	+	7700521	7719818	CENPN	NC_037345.1
ATMIN	+	7721648	7736768	ATMIN	NC_037345.1
LOC112442253	+	7754938	7871034	LOC112442253	NC_037345.1
BCO1	+	7897583	7928494	BCO1	NC_037345.1
GAN	+	7948139	8000464	GAN	NC_037345.1
CMIP	+	8044400	8257373	CMIP	NC_037345.1
MIR2883	+	8132119	8132183	MIR2883	NC_037345.1
LOC132342785	+	8290693	8298500	LOC132342785	NC_037345.1
PLCG2	+	8310872	8467944	PLCG2	NC_037345.1
HSD17B2	+	8586361	8679831	HSD17B2	NC_037345.1
LOC112442479	+	8606242	8606345	LOC112442479	NC_037345.1
HSBP1	+	10162336	10165586	HSBP1	NC_037345.1
MLYCD	+	10240307	10253200	MLYCD	NC_037345.1
NECAB2	+	10296193	10339843	NECAB2	NC_037345.1
DNAAF1	+	10448643	10469366	DNAAF1	NC_037345.1
WFDC1	+	10520310	10583726	WFDC1	NC_037345.1
KLHL36	+	10837381	10848965	KLHL36	NC_037345.1
USP10	+	10870728	10933882	USP10	NC_037345.1
TRNAH-GUG-27	+	10912983	10913054	TRNAH-GUG	NC_037345.1
CRISPLD2	+	10980201	11046045	CRISPLD2	NC_037345.1
TRNAS-GGA-94	+	11051827	11051898	TRNAS-GGA	NC_037345.1
GSE1	+	11253108	11648074	GSE1	NC_037345.1
COX4I1	+	11758912	11767079	COX4I1	NC_037345.1
IRF8	+	11842230	11863904	IRF8	NC_037345.1
LOC132342790	+	11886355	11895981	LOC132342790	NC_037345.1
LOC100847370	+	12069417	12073617	LOC100847370	NC_037345.1
FOXC2	+	12381319	12383712	FOXC2	NC_037345.1
FOXL1	+	12387266	12395180	FOXL1	NC_037345.1
LOC107133330	+	12478804	12480308	LOC107133330	NC_037345.1
MAP1LC3B	+	12973367	12986925	MAP1LC3B	NC_037345.1
LOC112442269	+	13340493	13343717	LOC112442269	NC_037345.1
ZNF469	+	13460746	13711181	ZNF469	NC_037345.1
ZFPM1	+	13719894	13781530	ZFPM1	NC_037345.1
ZC3H18	+	13834235	13877312	ZC3H18	NC_037345.1
LOC132342792	+	13900652	13907823	LOC132342792	NC_037345.1
CDT1	+	14008549	14012905	CDT1	NC_037345.1
TRAPPC2L	+	14032570	14038557	TRAPPC2L	NC_037345.1
LOC132342793	+	14076071	14078975	LOC132342793	NC_037345.1
ACSF3	+	14204014	14248437	ACSF3	NC_037345.1
CDH15	+	14258167	14277418	CDH15	NC_037345.1
LOC132342794	+	14331262	14333064	LOC132342794	NC_037345.1
LOC112442271	+	14426259	14447797	LOC112442271	NC_037345.1
RPL13	+	14490266	14492655	RPL13	NC_037345.1
LOC112442426	+	14490892	14490975	LOC112442426	NC_037345.1
CPNE7	+	14492668	14512703	CPNE7	NC_037345.1
DPEP1	+	14525084	14542788	DPEP1	NC_037345.1
SPATA33	+	14557266	14566818	SPATA33	NC_037345.1
ZNF276	+	14592987	14607421	ZNF276	NC_037345.1
SPIRE2	+	14645081	14679143	SPIRE2	NC_037345.1
TUBB3	+	14709021	14717352	TUBB3	NC_037345.1
DEF8	+	14722659	14739225	DEF8	NC_037345.1
LOC532875	+	14742148	14762950	LOC532875	NC_037345.1
GAS8	+	14772812	14809920	GAS8	NC_037345.1
LOC101904595	+	14929520	14930858	LOC101904595	NC_037345.1
GPT2	+	15316320	15351062	GPT2	NC_037345.1
LOC132342796	+	15388763	15423370	LOC132342796	NC_037345.1
LOC132342798	+	15457165	15480715	LOC132342798	NC_037345.1
LOC112442458	+	15772602	15772708	LOC112442458	NC_037345.1
LOC533093	+	16234891	16235649	LOC533093	NC_037345.1
LONP2	+	16674859	16759579	LONP2	NC_037345.1
LOC104970029	+	17806971	17815280	LOC104970029	NC_037345.1
TRNAG-CCC-163	+	18151275	18151347	TRNAG-CCC	NC_037345.1
LOC112442446	+	18522864	18522968	LOC112442446	NC_037345.1
TENT4B	+	18572672	18645768	TENT4B	NC_037345.1
LOC112442434	+	18623511	18623592	LOC112442434	NC_037345.1
LOC112442433	+	18623733	18623802	LOC112442433	NC_037345.1
ADCY7	+	18655907	18720628	ADCY7	NC_037345.1
NKD1	+	18940437	19032328	NKD1	NC_037345.1
NOD2	+	19085573	19119948	NOD2	NC_037345.1
CYLD	+	19131356	19204356	CYLD	NC_037345.1
LOC101906490	+	19560666	19663522	LOC101906490	NC_037345.1
LOC101906708	+	20014787	20030199	LOC101906708	NC_037345.1
LOC516179	+	20206198	20214891	LOC516179	NC_037345.1
LOC132342762	+	21357552	21368139	LOC132342762	NC_037345.1
TRNAC-ACA-170	+	21437576	21437647	TRNAC-ACA	NC_037345.1
CHD9	+	21555470	21782071	CHD9	NC_037345.1
RBL2	+	21801909	21853186	RBL2	NC_037345.1
FTO	+	22040493	22464474	FTO	NC_037345.1
LOC112442444	+	22475992	22476116	LOC112442444	NC_037345.1
LOC132342808	+	22583130	22586094	LOC132342808	NC_037345.1
IRX5	+	23234928	23256494	IRX5	NC_037345.1
TRNAW-CCA-107	+	23426197	23426268	TRNAW-CCA	NC_037345.1
IRX6	+	23605759	23612028	IRX6	NC_037345.1
LOC101907485	+	23661116	23688369	LOC101907485	NC_037345.1
TRNAG-UCC-97	+	23773721	23773794	TRNAG-UCC	NC_037345.1
LPCAT2	+	23786233	23853962	LPCAT2	NC_037345.1
CAPNS2	+	23821652	23833608	CAPNS2	NC_037345.1
LOC112442455	+	23827050	23827156	LOC112442455	NC_037345.1
TRNAF-GAA-22	+	23866978	23867050	TRNAF-GAA	NC_037345.1
SLC6A2	+	23885168	23927951	SLC6A2	NC_037345.1
CES1	+	23948930	23975140	CES1	NC_037345.1
LOC508916	+	23983298	24015659	LOC508916	NC_037345.1
BBS2	+	24122240	24148252	BBS2	NC_037345.1
LOC112442457	+	24181541	24181647	LOC112442457	NC_037345.1
AMFR	+	24207779	24253290	AMFR	NC_037345.1
TRNAS-GGA-95	+	24740549	24740620	TRNAS-GGA	NC_037345.1
BREH1	+	24745131	24771961	BREH1	NC_037345.1
LOC112442288	+	24773350	24774052	LOC112442288	NC_037345.1
NUP93	+	24796037	24898993	NUP93	NC_037345.1
SLC12A3	+	24914388	24954726	SLC12A3	NC_037345.1
MIR2285G-1	+	25021803	25021863	MIR2285G-1	NC_037345.1
CPNE2	+	25111036	25166257	CPNE2	NC_037345.1
RSPRY1	+	25212575	25249922	RSPRY1	NC_037345.1
ARL2BP	+	25251866	25257893	ARL2BP	NC_037345.1
TRNAL-CAG-3	+	25307479	25307561	TRNAL-CAG	NC_037345.1
CCL22	+	25365289	25373329	CCL22	NC_037345.1
CCL17	+	25420834	25423723	CCL17	NC_037345.1
COQ9	+	25444184	25456211	COQ9	NC_037345.1
POLR2C	+	25458202	25466511	POLR2C	NC_037345.1
LOC104974796	+	25470160	25473831	LOC104974796	NC_037345.1
ADGRG5	+	25526936	25553748	ADGRG5	NC_037345.1
ADGRG1	+	25595360	25641532	ADGRG1	NC_037345.1
ADGRG3	+	25644712	25674916	ADGRG3	NC_037345.1
DRC7	+	25679294	25700260	DRC7	NC_037345.1
KATNB1	+	25703245	25721212	KATNB1	NC_037345.1
LOC112442291	+	25743142	25749921	LOC112442291	NC_037345.1
TEPP	+	25888327	25895551	TEPP	NC_037345.1
USB1	+	25907660	25923158	USB1	NC_037345.1
MMP15	+	25939947	25960720	MMP15	NC_037345.1
CCDC113	+	26086464	26119926	CCDC113	NC_037345.1
GINS3	+	26198116	26204585	GINS3	NC_037345.1
NDRG4	+	26255416	26298412	NDRG4	NC_037345.1
TRNAG-CCC-165	+	26262530	26262602	TRNAG-CCC	NC_037345.1
SETD6	+	26299649	26304394	SETD6	NC_037345.1
LOC132342816	+	26597511	26597753	LOC132342816	NC_037345.1
LOC132342817	+	26716481	26792509	LOC132342817	NC_037345.1
TRNAW-CCA-108	+	26944261	26944332	TRNAW-CCA	NC_037345.1
TRNAA-AGC-6	+	29249189	29249259	TRNAA-AGC	NC_037345.1
LOC112442236	+	30391435	30394999	LOC112442236	NC_037345.1
LOC132342819	+	32874133	33143611	LOC132342819	NC_037345.1
LOC132342820	+	33440369	33448558	LOC132342820	NC_037345.1
LOC112442454	+	33880439	33880545	LOC112442454	NC_037345.1
TRNAR-ACG-17	+	33980634	33980705	TRNAR-ACG	NC_037345.1
CDH5	+	34122721	34159010	CDH5	NC_037345.1
LOC104974812	+	34237611	34245013	LOC104974812	NC_037345.1
LOC112442293	+	34273698	34307818	LOC112442293	NC_037345.1
CMTM3	+	34347768	34357748	CMTM3	NC_037345.1
TRNAG-CCC-166	+	34386028	34386100	TRNAG-CCC	NC_037345.1
CA7	+	34548879	34557920	CA7	NC_037345.1
PDP2	+	34587616	34594769	PDP2	NC_037345.1
CES2	+	34638138	34650205	CES2	NC_037345.1
CES3	+	34655256	34668476	CES3	NC_037345.1
CES4A	+	34675871	34690334	CES4A	NC_037345.1
CBFB	+	34704530	34753112	CBFB	NC_037345.1
LOC101905588	+	34728633	34735810	LOC101905588	NC_037345.1
PHAF1	+	34758683	34788130	PHAF1	NC_037345.1
FBXL8	+	34798639	34802590	FBXL8	NC_037345.1
HSF4	+	34803086	34807857	HSF4	NC_037345.1
NOL3	+	34808439	34812047	NOL3	NC_037345.1
TMEM208	+	34855548	34857710	TMEM208	NC_037345.1
SLC9A5	+	34875363	34894809	SLC9A5	NC_037345.1
PLEKHG4	+	34898285	34909074	PLEKHG4	NC_037345.1
HSD11B2	+	35036349	35046071	HSD11B2	NC_037345.1
RIPOR1	+	35115271	35131417	RIPOR1	NC_037345.1
CTCF	+	35144267	35189857	CTCF	NC_037345.1
CARMIL2	+	35193643	35208012	CARMIL2	NC_037345.1
C18H16orf86	+	35220226	35224961	C18H16orf86	NC_037345.1
TSNAXIP1	+	35327334	35338631	TSNAXIP1	NC_037345.1
NUTF2	+	35354057	35368788	NUTF2	NC_037345.1
EDC4	+	35370778	35381912	EDC4	NC_037345.1
TRNAS-AGA-9	+	35387156	35387237	TRNAS-AGA	NC_037345.1
PSKH1	+	35388086	35413319	PSKH1	NC_037345.1
DUS2	+	35479895	35511991	DUS2	NC_037345.1
NFATC3	+	35517837	35609581	NFATC3	NC_037345.1
PLA2G15	+	35624573	35640098	PLA2G15	NC_037345.1
SLC7A6	+	35641265	35673507	SLC7A6	NC_037345.1
PRMT7	+	35680939	35721707	PRMT7	NC_037345.1
LOC112442431	+	35690049	35690176	LOC112442431	NC_037345.1
LOC132342826	+	35727815	35729412	LOC132342826	NC_037345.1
LOC101907242	+	35739166	35802072	LOC101907242	NC_037345.1
ZFP90	+	35875676	35905974	ZFP90	NC_037345.1
CDH3	+	35898256	36015506	CDH3	NC_037345.1
TANGO6	+	36121388	36305833	TANGO6	NC_037345.1
LOC511683	+	36235526	36240629	LOC511683	NC_037345.1
UTP4	+	36343457	36373610	UTP4	NC_037345.1
SNTB2	+	36384453	36448425	SNTB2	NC_037345.1
VPS4A	+	36458153	36472002	VPS4A	NC_037345.1
NIP7	+	36481148	36548017	NIP7	NC_037345.1
CYB5B	+	36548148	36569868	CYB5B	NC_037345.1
NFAT5	+	36660661	36780351	NFAT5	NC_037345.1
LOC112442299	+	36989962	37200144	LOC112442299	NC_037345.1
ZFHX3	+	38109643	38366234	ZFHX3	NC_037345.1
LOC101903067	+	38524050	38736230	LOC101903067	NC_037345.1
PMFBP1	+	38959626	39007883	PMFBP1	NC_037345.1
PKD1L3	+	39085074	39163776	PKD1L3	NC_037345.1
TRNAW-CCA-109	+	39131314	39131387	TRNAW-CCA	NC_037345.1
ZNF821	+	39215632	39232696	ZNF821	NC_037345.1
AP1G1	+	39248017	39350493	AP1G1	NC_037345.1
LOC112442435	+	39319204	39319289	LOC112442435	NC_037345.1
PHLPP2	+	39354214	39419326	PHLPP2	NC_037345.1
TAT	+	39435847	39493860	TAT	NC_037345.1
TLE7	+	39627436	39643593	TLE7	NC_037345.1
CMTR2	+	39666475	39770418	CMTR2	NC_037345.1
LOC112442305	+	39702221	40018793	LOC112442305	NC_037345.1
HYDIN	+	40074626	40178450	HYDIN	NC_037345.1
POP4	+	40233528	40242999	POP4	NC_037345.1
CCNE1	+	40423660	40435547	CCNE1	NC_037345.1
LOC104974829	+	40661412	40675883	LOC104974829	NC_037345.1
TRNAR-ACG-18	+	41840126	41840197	TRNAR-ACG	NC_037345.1
LOC132342833	+	41923875	41952166	LOC132342833	NC_037345.1
MIR2899	+	42055707	42055774	MIR2899	NC_037345.1
TRNAG-CCC-168	+	42553607	42553679	TRNAG-CCC	NC_037345.1
ZNF507	+	42860314	42903277	ZNF507	NC_037345.1
DPY19L3	+	42918599	42993253	DPY19L3	NC_037345.1
PDCD5	+	43083826	43090563	PDCD5	NC_037345.1
RGS9BP	+	43153851	43160414	RGS9BP	NC_037345.1
LOC112442451	+	43157420	43157612	LOC112442451	NC_037345.1
TDRD12	+	43188254	43263974	TDRD12	NC_037345.1
GPATCH1	+	43488409	43544123	GPATCH1	NC_037345.1
WDR88	+	43545538	43594235	WDR88	NC_037345.1
TRNAT-AGU-2	+	43596311	43596384	TRNAT-AGU	NC_037345.1
LRP3	+	43631236	43643638	LRP3	NC_037345.1
TRNAW-CCA-110	+	43794329	43794400	TRNAW-CCA	NC_037345.1
CEBPG	+	43804931	43814683	CEBPG	NC_037345.1
KCTD15	+	44204451	44220452	KCTD15	NC_037345.1
LOC112442401	+	44229058	44290335	LOC112442401	NC_037345.1
LSM14A	+	44607775	44661690	LSM14A	NC_037345.1
LOC132342837	+	44780066	44783998	LOC132342837	NC_037345.1
GPI	+	44784251	44812527	GPI	NC_037345.1
PDCD2L	+	44817574	44835839	PDCD2L	NC_037345.1
UBA2	+	44841798	44872497	UBA2	NC_037345.1
WTIP	+	44881373	44907012	WTIP	NC_037345.1
LOC104974850	+	44919407	44960862	LOC104974850	NC_037345.1
LOC100138048	+	45060087	45060964	LOC100138048	NC_037345.1
LOC785756	+	45131588	45133765	LOC785756	NC_037345.1
ZNF181	+	45515392	45526107	ZNF181	NC_037345.1
LOC132342839	+	45624619	45635729	LOC132342839	NC_037345.1
GRAMD1A	+	45742837	45767893	GRAMD1A	NC_037345.1
SCN1B	+	45771487	45781391	SCN1B	NC_037345.1
HPN	+	45782717	45802704	HPN	NC_037345.1
FXYD3	+	45844337	45850482	FXYD3	NC_037345.1
FXYD7	+	45868357	45877787	FXYD7	NC_037345.1
FXYD5	+	45878251	45890081	FXYD5	NC_037345.1
TRNAY-GUA-50	+	45902152	45902223	TRNAY-GUA	NC_037345.1
LOC101906791	+	45909275	45915576	LOC101906791	NC_037345.1
LSR	+	45966436	45981432	LSR	NC_037345.1
USF2	+	45982435	45992233	USF2	NC_037345.1
MAG	+	46002151	46018894	MAG	NC_037345.1
CD22	+	46035956	46049449	CD22	NC_037345.1
FFAR1	+	46053846	46054748	FFAR1	NC_037345.1
FFAR3	+	46054918	46061309	FFAR3	NC_037345.1
LOC132342840	+	46086396	46093769	LOC132342840	NC_037345.1
FFAR2	+	46122165	46125213	FFAR2	NC_037345.1
LOC112442203	+	46136192	46151545	LOC112442203	NC_037345.1
LOC132342841	+	46287373	46288995	LOC132342841	NC_037345.1
LOC132342843	+	46324688	46326303	LOC132342843	NC_037345.1
HAUS5	+	46339478	46350652	HAUS5	NC_037345.1
RBM42	+	46355969	46363445	RBM42	NC_037345.1
ETV2	+	46367274	46369616	ETV2	NC_037345.1
COX6B1	+	46378496	46387006	COX6B1	NC_037345.1
UPK1A	+	46395892	46405039	UPK1A	NC_037345.1
ZBTB32	+	46423603	46432573	ZBTB32	NC_037345.1
KMT2B	+	46433304	46453716	KMT2B	NC_037345.1
PSENEN	+	46459379	46460715	PSENEN	NC_037345.1
LIN37	+	46461938	46466856	LIN37	NC_037345.1
PROSER3	+	46469571	46481515	PROSER3	NC_037345.1
APLP1	+	46566830	46576570	APLP1	NC_037345.1
LOC100296458	+	46595406	46612668	LOC100296458	NC_037345.1
LRFN3	+	46629530	46637139	LRFN3	NC_037345.1
SDHAF1	+	46668498	46669544	SDHAF1	NC_037345.1
LOC107131424	+	46687464	46691903	LOC107131424	NC_037345.1
WDR62	+	46717249	46766291	WDR62	NC_037345.1
TBCB	+	46775238	46783614	TBCB	NC_037345.1
ZNF146	+	46808184	46878004	ZNF146	NC_037345.1
ZNF461	+	46929705	46952029	ZNF461	NC_037345.1
ZNF566	+	47043490	47105734	ZNF566	NC_037345.1
LOC615112	+	47117280	47142086	LOC615112	NC_037345.1
LOC112442470	+	47128944	47129048	LOC112442470	NC_037345.1
LOC112442428	+	47204127	47204253	LOC112442428	NC_037345.1
LOC100848226	+	47262010	47279820	LOC100848226	NC_037345.1
ZNF383	+	47307930	47324203	ZNF383	NC_037345.1
LOC539847	+	47330948	47344007	LOC539847	NC_037345.1
ZNF875	+	47360127	47375615	ZNF875	NC_037345.1
ZNF570	+	47451703	47475454	ZNF570	NC_037345.1
LOC519309	+	47589507	47604191	LOC519309	NC_037345.1
LOC132342844	+	47759145	47765468	LOC132342844	NC_037345.1
SIPA1L3	+	47769702	48022823	SIPA1L3	NC_037345.1
LOC112442310	+	48068042	48069557	LOC112442310	NC_037345.1
SPINT2	+	48078059	48108353	SPINT2	NC_037345.1
C18H19orf33	+	48117289	48119892	C18H19orf33	NC_037345.1
KCNK6	+	48131886	48140139	KCNK6	NC_037345.1
CATSPERG	+	48146347	48177540	CATSPERG	NC_037345.1
SPRED3	+	48197308	48207392	SPRED3	NC_037345.1
FAM98C	+	48210237	48214189	FAM98C	NC_037345.1
RYR1	+	48236525	48365358	RYR1	NC_037345.1
MIR2329-2	+	48328423	48328488	MIR2329-2	NC_037345.1
EIF3K	+	48383247	48396141	EIF3K	NC_037345.1
ACTN4	+	48402809	48476686	ACTN4	NC_037345.1
LGALS7B	+	48525448	48527749	LGALS7B	NC_037345.1
MRPS12	+	48639276	48641337	MRPS12	NC_037345.1
LOC112442237	+	48674173	48681061	LOC112442237	NC_037345.1
ACP7	+	48824283	48837962	ACP7	NC_037345.1
IFNL3	+	48968074	48969441	IFNL3	NC_037345.1
SAMD4B	+	49050195	49086409	SAMD4B	NC_037345.1
MED29	+	49092035	49095561	MED29	NC_037345.1
ZFP36	+	49101950	49104533	ZFP36	NC_037345.1
IL-15L	+	49127378	49131283	IL-15L	NC_037345.1
SUPT5H	+	49132480	49159093	SUPT5H	NC_037345.1
TIMM50	+	49160944	49168043	TIMM50	NC_037345.1
DLL3	+	49172884	49180410	DLL3	NC_037345.1
LOC100299023	+	49308141	49310030	LOC100299023	NC_037345.1
LEUTX	+	49326332	49335666	LEUTX	NC_037345.1
PSMC4	+	49489069	49499930	PSMC4	NC_037345.1
LOC100140085	+	49505933	49521324	LOC100140085	NC_037345.1
MAP3K10	+	49596399	49612785	MAP3K10	NC_037345.1
LOC132342850	+	49776543	49777605	LOC132342850	NC_037345.1
SPTBN4	+	49798197	49880028	SPTBN4	NC_037345.1
SHKBP1	+	49880403	49892722	SHKBP1	NC_037345.1
LTBP4	+	49897488	49924646	LTBP4	NC_037345.1
LOC112442317	+	49974923	49982732	LOC112442317	NC_037345.1
SNRPA	+	50020497	50032624	SNRPA	NC_037345.1
MIA	+	50035035	50036466	MIA	NC_037345.1
RAB4B	+	50037205	50046167	RAB4B	NC_037345.1
MIR12057	+	50042578	50042646	MIR12057	NC_037345.1
EGLN2	+	50047659	50056737	EGLN2	NC_037345.1
LOC101906045	+	50065809	50067032	LOC101906045	NC_037345.1
LOC104974870	+	50146456	50174580	LOC104974870	NC_037345.1
CYP2S1	+	50379687	50393568	CYP2S1	NC_037345.1
AXL	+	50402783	50437829	AXL	NC_037345.1
CCDC97	+	50477957	50488341	CCDC97	NC_037345.1
LOC107131418	+	50563489	50567454	LOC107131418	NC_037345.1
ERICH4	+	50578767	50581138	ERICH4	NC_037345.1
LOC132342855	+	50658750	50663698	LOC132342855	NC_037345.1
LOC112442322	+	50708659	50733026	LOC112442322	NC_037345.1
CEACAM1	+	50818011	50837829	CEACAM1	NC_037345.1
LIPE	+	50886651	50907201	LIPE	NC_037345.1
CNFN	+	50916070	50918408	CNFN	NC_037345.1
PAFAH1B3	+	50978702	50981557	PAFAH1B3	NC_037345.1
GSK3A	+	51032328	51042233	GSK3A	NC_037345.1
POU2F2	+	51133090	51163801	POU2F2	NC_037345.1
GRIK5	+	51182472	51245915	GRIK5	NC_037345.1
ATP1A3	+	51249999	51270113	ATP1A3	NC_037345.1
RABAC1	+	51274070	51276959	RABAC1	NC_037345.1
LYPD4	+	51373088	51382928	LYPD4	NC_037345.1
LOC112442445	+	51481272	51481396	LOC112442445	NC_037345.1
CD177	+	51506865	51557284	CD177	NC_037345.1
TEX101	+	51566516	51569658	TEX101	NC_037345.1
BSP3	+	51586356	51589682	BSP3	NC_037345.1
BSP5	+	51595879	51600228	BSP5	NC_037345.1
LOC100299268	+	51610703	51613644	LOC100299268	NC_037345.1
ZNF575	+	51736491	51738760	ZNF575	NC_037345.1
PINLYP	+	51764727	51788190	PINLYP	NC_037345.1
ZNF576	+	51819698	51822912	ZNF576	NC_037345.1
SRRM5	+	51829688	51835028	SRRM5	NC_037345.1
LOC512005	+	51877380	51904798	LOC512005	NC_037345.1
IRGC	+	51923651	51927621	IRGC	NC_037345.1
LOC616722	+	51927711	51933795	LOC616722	NC_037345.1
LOC104974883	+	51956237	51962894	LOC104974883	NC_037345.1
LOC101903309	+	52083016	52084704	LOC101903309	NC_037345.1
ZNF45	+	52090472	52107038	ZNF45	NC_037345.1
ZNF226	+	52119122	52148308	ZNF226	NC_037345.1
ZNF227	+	52154975	52167644	ZNF227	NC_037345.1
ZNF233	+	52170827	52181886	ZNF233	NC_037345.1
IGSF23	+	52393122	52407580	IGSF23	NC_037345.1
PVR	+	52420928	52439151	PVR	NC_037345.1
CEACAM19	+	52447152	52465532	CEACAM19	NC_037345.1
CEACAM16	+	52481314	52487498	CEACAM16	NC_037345.1
BCL3	+	52520139	52529472	BCL3	NC_037345.1
CBLC	+	52541241	52556911	CBLC	NC_037345.1
BCAM	+	52563039	52574351	BCAM	NC_037345.1
NECTIN2	+	52582150	52615253	NECTIN2	NC_037345.1
TOMM40	+	52618989	52630589	TOMM40	NC_037345.1
APOC4	+	52652024	52654408	APOC4	NC_037345.1
CLPTM1	+	52663768	52691346	CLPTM1	NC_037345.1
RELB	+	52695674	52724155	RELB	NC_037345.1
GEMIN7	+	52752742	52763147	GEMIN7	NC_037345.1
PPP1R37	+	52764965	52802815	PPP1R37	NC_037345.1
LOC508455	+	52866318	52880006	LOC508455	NC_037345.1
MARK4	+	52922834	52953009	MARK4	NC_037345.1
KLC3	+	52973902	52982801	KLC3	NC_037345.1
LOC112442336	+	53045149	53051009	LOC112442336	NC_037345.1
FOSB	+	53074358	53081311	FOSB	NC_037345.1
PPM1N	+	53096288	53101645	PPM1N	NC_037345.1
VASP	+	53104380	53117835	VASP	NC_037345.1
LOC132342712	+	53224636	53226890	LOC132342712	NC_037345.1
MIR769	+	53513498	53513616	MIR769	NC_037345.1
LOC101906366	+	53522261	53523123	LOC101906366	NC_037345.1
HIF3A	+	53558971	53590524	HIF3A	NC_037345.1
PPP5C	+	53592617	53613177	PPP5C	NC_037345.1
PNMA8C	+	53676935	53681549	PNMA8C	NC_037345.1
CCDC8	+	53691938	53694575	CCDC8	NC_037345.1
CALM3	+	53737061	53746135	CALM3	NC_037345.1
MIR2897	+	53789899	53789967	MIR2897	NC_037345.1
ARHGAP35	+	53947310	54062542	ARHGAP35	NC_037345.1
NPAS1	+	54078441	54094359	NPAS1	NC_037345.1
LOC132342870	+	54140268	54145322	LOC132342870	NC_037345.1
LOC104974899	+	54150422	54152273	LOC104974899	NC_037345.1
SAE1	+	54170202	54232459	SAE1	NC_037345.1
CCDC9	+	54269198	54282432	CCDC9	NC_037345.1
C5AR2	+	54337816	54342565	C5AR2	NC_037345.1
DHX34	+	54340101	54371167	DHX34	NC_037345.1
TRNAQ-CUG-15	+	54535133	54535205	TRNAQ-CUG	NC_037345.1
BICRA	+	54548809	54623103	BICRA	NC_037345.1
NOP53	+	54648374	54657037	NOP53	NC_037345.1
LOC112442436	+	54655831	54655940	LOC112442436	NC_037345.1
SELENOW	+	54671617	54675883	SELENOW	NC_037345.1
LOC132342752	+	54725849	54727531	LOC132342752	NC_037345.1
LOC112442344	+	54746435	54755108	LOC112442344	NC_037345.1
LOC132342872	+	54803929	54807694	LOC132342872	NC_037345.1
ELSPBP1	+	54825099	54848795	ELSPBP1	NC_037345.1
ZSWIM9	+	54893257	54916947	ZSWIM9	NC_037345.1
BOSTAUV1R403	+	54946457	54947459	BOSTAUV1R403	NC_037345.1
ZNF114	+	54992137	55005793	ZNF114	NC_037345.1
EMP3	+	55038414	55042752	EMP3	NC_037345.1
SYNGR4	+	55065034	55075096	SYNGR4	NC_037345.1
GRIN2D	+	55086607	55122819	GRIN2D	NC_037345.1
GRWD1	+	55124924	55130989	GRWD1	NC_037345.1
KCNJ14	+	55136649	55139932	KCNJ14	NC_037345.1
CYTH2	+	55144025	55153070	CYTH2	NC_037345.1
SULT2B1	+	55163438	55247410	SULT2B1	NC_037345.1
SPACA4	+	55252155	55253025	SPACA4	NC_037345.1
SPHK2	+	55264197	55272144	SPHK2	NC_037345.1
FUT2	+	55328189	55340024	FUT2	NC_037345.1
FGF21	+	55382969	55384706	FGF21	NC_037345.1
PPP1R15A	+	55474211	55477616	PPP1R15A	NC_037345.1
NUCB1	+	55487462	55503527	NUCB1	NC_037345.1
FTL	+	55538469	55540367	FTL	NC_037345.1
RUVBL2	+	55558915	55571757	RUVBL2	NC_037345.1
LIN7B	+	55626974	55630621	LIN7B	NC_037345.1
PPFIA3	+	55631568	55653316	PPFIA3	NC_037345.1
TRPM4	+	55652385	55703314	TRPM4	NC_037345.1
CD37	+	55822249	55827347	CD37	NC_037345.1
DKKL1	+	55841628	55847428	DKKL1	NC_037345.1
KASH5	+	55854820	55879481	KASH5	NC_037345.1
LOC112442461	+	55882016	55882122	LOC112442461	NC_037345.1
GFY	+	55885790	55889784	GFY	NC_037345.1
ALDH16A1	+	55910374	55924829	ALDH16A1	NC_037345.1
RPL13A	+	55940635	55944163	RPL13A	NC_037345.1
LOC112442484	+	55942217	55942300	LOC112442484	NC_037345.1
LOC112442483	+	55942970	55943054	LOC112442483	NC_037345.1
LOC112442485	+	55943254	55943324	LOC112442485	NC_037345.1
LOC112442425	+	55943531	55943619	LOC112442425	NC_037345.1
RPS11	+	55950499	55952929	RPS11	NC_037345.1
LOC132342713	+	55985602	55990135	LOC132342713	NC_037345.1
PRRG2	+	56002164	56008405	PRRG2	NC_037345.1
PRR12	+	56008667	56038064	PRR12	NC_037345.1
SCAF1	+	56047754	56061211	SCAF1	NC_037345.1
BCL2L12	+	56068162	56075287	BCL2L12	NC_037345.1
PRMT1	+	56079543	56089643	PRMT1	NC_037345.1
ADM5	+	56089739	56091776	ADM5	NC_037345.1
CPT1C	+	56092276	56111414	CPT1C	NC_037345.1
AP2A1	+	56137675	56165604	AP2A1	NC_037345.1
MED25	+	56177511	56194651	MED25	NC_037345.1
TBC1D17	+	56225575	56234781	TBC1D17	NC_037345.1
ATF5	+	56269038	56273679	ATF5	NC_037345.1
SIGLEC11	+	56283313	56289614	SIGLEC11	NC_037345.1
LOC132342717	+	56310192	56316359	LOC132342717	NC_037345.1
ZNF473	+	56327713	56340332	ZNF473	NC_037345.1
LOC112442208	+	56508618	56511068	LOC112442208	NC_037345.1
NR1H2	+	56541092	56547750	NR1H2	NC_037345.1
SPIB	+	56573173	56579354	SPIB	NC_037345.1
EMC10	+	56613743	56623723	EMC10	NC_037345.1
LOC132342719	+	56687610	56702783	LOC132342719	NC_037345.1
C18H19orf81	+	56735324	56747307	C18H19orf81	NC_037345.1
CLEC11A	+	56802302	56804605	CLEC11A	NC_037345.1
GPR32	+	56829005	56830044	GPR32	NC_037345.1
TMEM277	+	56866858	56880621	TMEM277	NC_037345.1
LOC104974917	+	56993093	57002238	LOC104974917	NC_037345.1
TRNAC-ACA-174	+	57032943	57033014	TRNAC-ACA	NC_037345.1
LOC508441	+	57101669	57107587	LOC508441	NC_037345.1
LOC618463	+	57136173	57144238	LOC618463	NC_037345.1
LOC112442211	+	57296092	57301301	LOC112442211	NC_037345.1
SIGLECL1	+	57345429	57361567	SIGLECL1	NC_037345.1
LOC786386	+	57366202	57384299	LOC786386	NC_037345.1
IGLON5	+	57390098	57404602	IGLON5	NC_037345.1
LOC100297056	+	57550279	57558564	LOC100297056	NC_037345.1
MIRLET7E	+	57689058	57689136	MIRLET7E	NC_037345.1
SPACA6	+	57689562	57699585	SPACA6	NC_037345.1
ZNF432	+	57821767	57834236	ZNF432	NC_037345.1
ZNF614	+	57837246	57860078	ZNF614	NC_037345.1
LOC132342720	+	57858638	57884662	LOC132342720	NC_037345.1
ZNF350	+	57886852	57894827	ZNF350	NC_037345.1
LOC787309	+	57900195	57919990	LOC787309	NC_037345.1
PPP2R1A	+	58087796	58110746	PPP2R1A	NC_037345.1
BOSTAUV1R417	+	58124291	58194552	BOSTAUV1R417	NC_037345.1
BOSTAUV1R416	+	58155982	58157581	BOSTAUV1R416	NC_037345.1
BOSTAUV1R418	+	58213916	58214947	BOSTAUV1R418	NC_037345.1
LOC132342722	+	58217766	58218828	LOC132342722	NC_037345.1
BOSTAUV1R419	+	58234142	58235173	BOSTAUV1R419	NC_037345.1
LOC112442216	+	58251419	58253215	LOC112442216	NC_037345.1
LOC787057	+	58323451	58348584	LOC787057	NC_037345.1
LOC112442214	+	58345165	58378738	LOC112442214	NC_037345.1
LOC506495	+	58501478	58534439	LOC506495	NC_037345.1
LOC132342766	+	58595485	58596846	LOC132342766	NC_037345.1
LOC101904435	+	58626765	58663119	LOC101904435	NC_037345.1
LOC100848991	+	58736228	58763095	LOC100848991	NC_037345.1
LOC100847180	+	58921506	58980433	LOC100847180	NC_037345.1
LOC132342727	+	59037799	59040367	LOC132342727	NC_037345.1
LOC107131447	+	59112408	59112815	LOC107131447	NC_037345.1
LOC132342730	+	59282443	59286029	LOC132342730	NC_037345.1
LOC788599	+	59957073	59998952	LOC788599	NC_037345.1
LOC100139360	+	60002458	60022877	LOC100139360	NC_037345.1
LOC132342733	+	60052584	60059860	LOC132342733	NC_037345.1
ZNF677	+	60069427	60090548	ZNF677	NC_037345.1
LOC112442369	+	60126708	60134698	LOC112442369	NC_037345.1
LOC132342738	+	60429104	60440813	LOC132342738	NC_037345.1
MIR371	+	60903171	60903249	MIR371	NC_037345.1
LOC615600	+	60965865	60971451	LOC615600	NC_037345.1
LOC515600	+	60980563	60986464	LOC515600	NC_037345.1
MGC157082	+	60999139	61024087	MGC157082	NC_037345.1
LOC513941	+	61132738	61140373	LOC513941	NC_037345.1
LOC112442378	+	61149907	61172737	LOC112442378	NC_037345.1
LOC527385	+	61180336	61194460	LOC527385	NC_037345.1
LOC528332	+	61266418	61279699	LOC528332	NC_037345.1
LOC510904	+	61282263	61290355	LOC510904	NC_037345.1
LOC514552	+	61300943	61306251	LOC514552	NC_037345.1
LOC132342876	+	61325860	61327297	LOC132342876	NC_037345.1
LOC618873	+	61356068	61363880	LOC618873	NC_037345.1
LOC112442239	+	61410874	61418590	LOC112442239	NC_037345.1
LOC538810	+	61486533	61488637	LOC538810	NC_037345.1
LOC789418	+	61504033	61507130	LOC789418	NC_037345.1
LOC101904722	+	61523030	61529108	LOC101904722	NC_037345.1
MYADM	+	61572636	61580328	MYADM	NC_037345.1
CACNG8	+	61637450	61657492	CACNG8	NC_037345.1
MIR935	+	61651395	61651485	MIR935	NC_037345.1
LOC132342878	+	61700105	61702798	LOC132342878	NC_037345.1
BOSTAUV1R424	+	61810912	61812151	BOSTAUV1R424	NC_037345.1
BOSTAUV1R426	+	61846911	61848220	BOSTAUV1R426	NC_037345.1
ZNF784	+	61921781	61924820	ZNF784	NC_037345.1
FIZ1	+	61942552	61947503	FIZ1	NC_037345.1
ZNF579	+	61955909	61959062	ZNF579	NC_037345.1
SBK3	+	61976651	61984534	SBK3	NC_037345.1
SBK2	+	61985226	61990222	SBK2	NC_037345.1
C18H19orf85	+	62042308	62052561	C18H19orf85	NC_037345.1
ISOC2	+	62053844	62060244	ISOC2	NC_037345.1
SHISA7	+	62060259	62077587	SHISA7	NC_037345.1
UBE2S	+	62087257	62093135	UBE2S	NC_037345.1
IL11	+	62113113	62116869	IL11	NC_037345.1
GARIN5B	+	62117370	62124792	GARIN5B	NC_037345.1
COX6B2	+	62124752	62126265	COX6B2	NC_037345.1
TMEM150B	+	62159416	62167316	TMEM150B	NC_037345.1
HSPBP1	+	62195207	62205661	HSPBP1	NC_037345.1
PPP6R1	+	62208743	62228733	PPP6R1	NC_037345.1
MIR7865	+	62222901	62222960	MIR7865	NC_037345.1
TMEM86B	+	62229664	62231571	TMEM86B	NC_037345.1
SYT5	+	62252435	62259151	SYT5	NC_037345.1
DNAAF3	+	62261370	62268268	DNAAF3	NC_037345.1
TNNI3	+	62269281	62273058	TNNI3	NC_037345.1
PPP1R12C	+	62291297	62310501	PPP1R12C	NC_037345.1
GP6	+	62393579	62406841	GP6	NC_037345.1
LOC100301263	+	62489753	62504376	LOC100301263	NC_037345.1
LOC104974955	+	62825658	62835740	LOC104974955	NC_037345.1
LENG8	+	62878866	62888689	LENG8	NC_037345.1
LOC112441494	+	63164984	63173170	LOC112441494	NC_037345.1
LOC107131323	+	63188200	63199165	LOC107131323	NC_037345.1
MBOAT7	+	63213535	63227723	MBOAT7	NC_037345.1
TMC4	+	63227966	63238072	TMC4	NC_037345.1
LENG1	+	63238454	63241751	LENG1	NC_037345.1
LOC101905303	+	63257283	63260413	LOC101905303	NC_037345.1
TFPT	+	63271873	63279516	TFPT	NC_037345.1
OSCAR	+	63283289	63293343	OSCAR	NC_037345.1
TARM1	+	63294499	63304254	TARM1	NC_037345.1
TRNAC-ACA-175	+	63308289	63308360	TRNAC-ACA	NC_037345.1
LOC107131473	+	63326959	63329781	LOC107131473	NC_037345.1
LOC107131476	+	63361014	63362003	LOC107131476	NC_037345.1
LOC107131467	+	63373048	63374057	LOC107131467	NC_037345.1
LOC107131477	+	63381110	63382287	LOC107131477	NC_037345.1
LOC107131465	+	63418428	63419380	LOC107131465	NC_037345.1
ZNF444	+	63526597	63535358	ZNF444	NC_037345.1
LOC790896	+	63606430	63607067	LOC790896	NC_037345.1
LOC768229	+	63607940	63612676	LOC768229	NC_037345.1
LOC783562	+	63661540	63666648	LOC783562	NC_037345.1
LOC104968500	+	63667636	63671849	LOC104968500	NC_037345.1
EDDM13	+	63695662	63714307	EDDM13	NC_037345.1
ZNF667	+	63718485	63742023	ZNF667	NC_037345.1
LOC100140915	+	63796664	63805159	LOC100140915	NC_037345.1
LOC787287	+	63807443	63820771	LOC787287	NC_037345.1
LOC617592	+	63950152	63951163	LOC617592	NC_037345.1
OR6Z9	+	63963165	63964204	OR6Z9	NC_037345.1
APEG3	+	64102228	64102731	APEG3	NC_037345.1
LOC789803	+	64123151	64201306	LOC789803	NC_037345.1
USP29	+	64363947	64368124	USP29	NC_037345.1
ZNF805	+	64418850	64483060	ZNF805	NC_037345.1
ZNF543	+	64484439	64509279	ZNF543	NC_037345.1
ZNF304	+	64518603	64525545	ZNF304	NC_037345.1
LOC528802	+	64632349	64643246	LOC528802	NC_037345.1
LOC100141128	+	64848219	64850447	LOC100141128	NC_037345.1
ZNF134	+	64855653	64877305	ZNF134	NC_037345.1
LOC112442459	+	64880429	64880535	LOC112442459	NC_037345.1
VN1R1	+	64892579	64923150	VN1R1	NC_037345.1
LOC112442392	+	64927231	64949125	LOC112442392	NC_037345.1
ZNF211	+	65078931	65088439	ZNF211	NC_037345.1
LOC101910047	+	65115598	65120649	LOC101910047	NC_037345.1
LOC100847490	+	65193704	65194603	LOC100847490	NC_037345.1
LOC100139325	+	65312470	65330385	LOC100139325	NC_037345.1
LOC789960	+	65340664	65371467	LOC789960	NC_037345.1
ZNF814	+	65374844	65406255	ZNF814	NC_037345.1
LOC104976575	+	65396463	65401877	LOC104976575	NC_037345.1
LOC112442229	+	65487151	65489613	LOC112442229	NC_037345.1
ZNF135	+	65495414	65515855	ZNF135	NC_037345.1
ZNF274	+	65545936	65569233	ZNF274	NC_037345.1
LOC112442477	+	65553582	65553683	LOC112442477	NC_037345.1
ZNF8	+	65600794	65612508	ZNF8	NC_037345.1
RPS5	+	65660255	65665845	RPS5	NC_037345.1
ZNF584	+	65679203	65687153	ZNF584	NC_037345.1
LOC100847831	+	65702290	65710747	LOC100847831	NC_037345.1
ZNF324	+	65712839	65718615	ZNF324	NC_037345.1
TRIM28	+	65769086	65775448	TRIM28	NC_037345.1
LOC101903385	+	65797610	65807159	LOC101903385	NC_037345.1
LOC101903649	+	65808247	65814012	LOC101903649	NC_037345.1
KIF2B	+	3777923	3780160	KIF2B	NC_037346.1
LOC100847997	+	4819101	4819509	LOC100847997	NC_037346.1
TOM1L1	+	5021255	5083087	TOM1L1	NC_037346.1
STXBP4	+	5090138	5337687	STXBP4	NC_037346.1
LOC112442788	+	6092255	6092339	LOC112442788	NC_037346.1
LOC781298	+	6148786	6172840	LOC781298	NC_037346.1
PCTP	+	6232278	6257104	PCTP	NC_037346.1
LOC528282	+	6359538	6438741	LOC528282	NC_037346.1
NOG	+	7388440	7390428	NOG	NC_037346.1
TRNAG-UCC-106	+	7537415	7537487	TRNAG-UCC	NC_037346.1
SCPEP1	+	7813226	7847070	SCPEP1	NC_037346.1
MSI2	+	8092086	8497838	MSI2	NC_037346.1
LOC112442596	+	8562784	8567668	LOC112442596	NC_037346.1
LOC132342996	+	8712401	8715577	LOC132342996	NC_037346.1
DYNLL2	+	8875360	8893226	DYNLL2	NC_037346.1
LOC514828	+	8941978	8948151	LOC514828	NC_037346.1
OR4D1B	+	8992973	8993908	OR4D1B	NC_037346.1
OR4D1	+	9033550	9034485	OR4D1	NC_037346.1
OR4D2G	+	9044021	9044956	OR4D2G	NC_037346.1
OR4D2E	+	9084106	9085041	OR4D2E	NC_037346.1
OR4D2D	+	9093258	9094193	OR4D2D	NC_037346.1
OR4D2F	+	9120024	9120959	OR4D2F	NC_037346.1
LOC788751	+	9133501	9145547	LOC788751	NC_037346.1
LPO	+	9216246	9246107	LPO	NC_037346.1
LOC112442768	+	9260932	9261035	LOC112442768	NC_037346.1
LOC132343000	+	9309052	9314689	LOC132343000	NC_037346.1
RAD51C	+	9650642	9694630	RAD51C	NC_037346.1
PPM1E	+	9720110	9940270	PPM1E	NC_037346.1
LOC112442872	+	9889125	9889231	LOC112442872	NC_037346.1
PRR11	+	10124940	10155724	PRR11	NC_037346.1
SMG8	+	10161464	10166586	SMG8	NC_037346.1
GDPD1	+	10180713	10231420	GDPD1	NC_037346.1
YPEL2	+	10299289	10367159	YPEL2	NC_037346.1
CLTC	+	10595559	10665492	CLTC	NC_037346.1
VMP1	+	10674163	10802805	VMP1	NC_037346.1
MED13	+	11057061	11154630	MED13	NC_037346.1
INTS2	+	11171224	11228001	INTS2	NC_037346.1
BRIP1	+	11228869	11411011	BRIP1	NC_037346.1
LOC132343005	+	11692232	11713803	LOC132343005	NC_037346.1
LOC107131494	+	11971010	11971389	LOC107131494	NC_037346.1
LOC112442603	+	11995037	11997703	LOC112442603	NC_037346.1
USP32	+	12577140	12780975	USP32	NC_037346.1
ZNHIT3	+	12843688	12850633	ZNHIT3	NC_037346.1
LOC112442834	+	12852860	12852989	LOC112442834	NC_037346.1
PIGW	+	12884490	12887669	PIGW	NC_037346.1
DHRS11	+	12930506	12940404	DHRS11	NC_037346.1
MRM1	+	12941297	12950172	MRM1	NC_037346.1
LOC132343009	+	13004985	13007313	LOC132343009	NC_037346.1
LHX1	+	13300723	13306530	LHX1	NC_037346.1
AATF	+	13312282	13420339	AATF	NC_037346.1
LOC112442838	+	13620904	13621031	LOC112442838	NC_037346.1
LOC112442606	+	13623890	13629554	LOC112442606	NC_037346.1
C19H17orf78	+	13691941	13704941	C19H17orf78	NC_037346.1
TADA2A	+	13726495	13772702	TADA2A	NC_037346.1
LOC104969035	+	14074779	14086383	LOC104969035	NC_037346.1
LOC525415	+	14243680	14279682	LOC525415	NC_037346.1
WFDC18	+	14300710	14302648	WFDC18	NC_037346.1
LOC100296618	+	14312504	14314529	LOC100296618	NC_037346.1
LOC107131498	+	14348342	14349476	LOC107131498	NC_037346.1
LOC100297044	+	14390580	14401688	LOC100297044	NC_037346.1
LOC504773	+	14421385	14427666	LOC504773	NC_037346.1
LOC508666	+	14445403	14450579	LOC508666	NC_037346.1
CCL5	+	14509140	14515888	CCL5	NC_037346.1
HEATR9	+	14519001	14535972	HEATR9	NC_037346.1
MMP28	+	14587795	14613457	MMP28	NC_037346.1
GAS2L2	+	14621733	14628732	GAS2L2	NC_037346.1
LOC132343014	+	14632964	14635403	LOC132343014	NC_037346.1
PEX12	+	14763828	14768005	PEX12	NC_037346.1
SLFN11	+	14800043	14825739	SLFN11	NC_037346.1
SLFN12	+	14838065	14882646	SLFN12	NC_037346.1
LOC112442786	+	14903209	14903270	LOC112442786	NC_037346.1
MIR2331	+	14988931	14989001	MIR2331	NC_037346.1
RFFL	+	14997802	15075166	RFFL	NC_037346.1
CCT6B	+	15120457	15156414	CCT6B	NC_037346.1
CCL1	+	15783347	15786651	CCL1	NC_037346.1
ASIC2	+	16022575	17228958	ASIC2	NC_037346.1
LOC112442874	+	17158687	17158793	LOC112442874	NC_037346.1
TRNAK-CUU-14	+	17254625	17254698	TRNAK-CUU	NC_037346.1
MYO1D	+	17330824	17691005	MYO1D	NC_037346.1
LOC112442877	+	17432789	17432895	LOC112442877	NC_037346.1
TEFM	+	18052315	18059809	TEFM	NC_037346.1
LOC112442816	+	18133673	18133803	LOC112442816	NC_037346.1
UTP6	+	18221961	18249179	UTP6	NC_037346.1
COPRS	+	18255752	18260611	COPRS	NC_037346.1
LOC132343021	+	18297373	18465700	LOC132343021	NC_037346.1
EVI2A	+	18667321	18671400	EVI2A	NC_037346.1
EVI2B	+	18674661	18683268	EVI2B	NC_037346.1
LOC132343022	+	18707749	18710058	LOC132343022	NC_037346.1
LOC132343023	+	18924483	18936202	LOC132343023	NC_037346.1
TRNAY-GUA-52	+	18940617	18940688	TRNAY-GUA	NC_037346.1
WSB1	+	18989542	19004354	WSB1	NC_037346.1
KSR1	+	19088263	19250567	KSR1	NC_037346.1
LOC100848006	+	19282467	19301487	LOC100848006	NC_037346.1
LOC132343024	+	19492797	19496610	LOC132343024	NC_037346.1
NLK	+	19651228	19780834	NLK	NC_037346.1
TMEM97	+	19806850	19814864	TMEM97	NC_037346.1
TNFAIP1	+	19822153	19832329	TNFAIP1	NC_037346.1
TMEM199	+	19841266	19846104	TMEM199	NC_037346.1
SARM1	+	19861232	19883332	SARM1	NC_037346.1
SLC13A2	+	19943529	19973445	SLC13A2	NC_037346.1
FOXN1	+	19977229	20005159	FOXN1	NC_037346.1
LOC132343026	+	20065295	20082766	LOC132343026	NC_037346.1
RPL23A	+	20145787	20148657	RPL23A	NC_037346.1
LOC112442792	+	20146236	20146302	LOC112442792	NC_037346.1
LOC112442804	+	20147597	20147666	LOC112442804	NC_037346.1
LOC112442793	+	20148185	20148260	LOC112442793	NC_037346.1
LOC112442803	+	20148444	20148514	LOC112442803	NC_037346.1
NEK8	+	20151458	20164407	NEK8	NC_037346.1
TRAF4	+	20164982	20171062	TRAF4	NC_037346.1
ERAL1	+	20233858	20238383	ERAL1	NC_037346.1
LOC132343027	+	20375677	20393739	LOC132343027	NC_037346.1
PIPOX	+	20406351	20419991	PIPOX	NC_037346.1
LOC100848570	+	20536404	20554506	LOC100848570	NC_037346.1
LOC101903567	+	20556929	20557408	LOC101903567	NC_037346.1
CRYBA1	+	20584547	20591495	CRYBA1	NC_037346.1
LOC132342986	+	20682049	20688654	LOC132342986	NC_037346.1
TAOK1	+	20700364	20810592	TAOK1	NC_037346.1
MIR4523	+	20700714	20700782	MIR4523	NC_037346.1
TP53I13	+	20823480	20827849	TP53I13	NC_037346.1
ANKRD13B	+	20847706	20865340	ANKRD13B	NC_037346.1
EFCAB5	+	21122974	21230226	EFCAB5	NC_037346.1
NSRP1	+	21237745	21283185	NSRP1	NC_037346.1
CPD	+	21464649	21536702	CPD	NC_037346.1
TRNAC-GCA-172	+	21515555	21515626	TRNAC-GCA	NC_037346.1
LOC112442781	+	21662262	21662368	LOC112442781	NC_037346.1
NXN	+	21889158	22053103	NXN	NC_037346.1
GLOD4	+	22065122	22084892	GLOD4	NC_037346.1
MIR2335	+	22069218	22069286	MIR2335	NC_037346.1
GEMIN4	+	22089868	22096911	GEMIN4	NC_037346.1
VPS53	+	22125877	22249150	VPS53	NC_037346.1
RFLNB	+	22265727	22274332	RFLNB	NC_037346.1
RPH3AL	+	22301393	22440870	RPH3AL	NC_037346.1
DOC2B	+	22471860	22494857	DOC2B	NC_037346.1
TRNAE-UUC-103	+	22577005	22577077	TRNAE-UUC	NC_037346.1
LOC132343030	+	22641969	22643719	LOC132343030	NC_037346.1
MIR3600	+	22811570	22811650	MIR3600	NC_037346.1
WDR81	+	22819806	22831945	WDR81	NC_037346.1
SERPINF2	+	22832397	22840458	SERPINF2	NC_037346.1
SERPINF1	+	22848081	22859853	SERPINF1	NC_037346.1
RPA1	+	22900174	22946581	RPA1	NC_037346.1
DPH1	+	23055699	23065910	DPH1	NC_037346.1
OVCA2	+	23064483	23065877	OVCA2	NC_037346.1
HIC1	+	23075384	23080006	HIC1	NC_037346.1
MIR2337	+	23092412	23092491	MIR2337	NC_037346.1
LOC112442776	+	23128526	23128633	LOC112442776	NC_037346.1
SRR	+	23279266	23302822	SRR	NC_037346.1
SGSM2	+	23307877	23345953	SGSM2	NC_037346.1
RAP1GAP2	+	23664761	23867037	RAP1GAP2	NC_037346.1
OR1P1	+	23977636	23978589	OR1P1	NC_037346.1
OR3A4	+	24076790	24077737	OR3A4	NC_037346.1
OR3A10	+	24085383	24086330	OR3A10	NC_037346.1
OR1R1	+	24115919	24116896	OR1R1	NC_037346.1
CTNS	+	24339851	24360352	CTNS	NC_037346.1
EMC6	+	24365491	24366341	EMC6	NC_037346.1
HASPIN	+	24398955	24401941	HASPIN	NC_037346.1
TRNAG-CCC-174	+	24489716	24489788	TRNAG-CCC	NC_037346.1
SPNS2	+	24936549	25024415	SPNS2	NC_037346.1
KIAA0753	+	25230124	25297661	KIAA0753	NC_037346.1
LOC132343035	+	25238639	25242342	LOC132343035	NC_037346.1
AIPL1	+	25422472	25431855	AIPL1	NC_037346.1
LOC112442628	+	25462680	25481406	LOC112442628	NC_037346.1
NLRP1	+	26027704	26059201	NLRP1	NC_037346.1
LOC788205	+	26065534	26067153	LOC788205	NC_037346.1
DERL2	+	26073484	26082015	DERL2	NC_037346.1
DHX33	+	26092547	26112659	DHX33	NC_037346.1
C1QBP	+	26114946	26120376	C1QBP	NC_037346.1
NUP88	+	26128006	26149681	NUP88	NC_037346.1
SCIMP	+	26281923	26301248	SCIMP	NC_037346.1
ZNF232	+	26332129	26337610	ZNF232	NC_037346.1
INCA1	+	26412287	26418564	INCA1	NC_037346.1
SPAG7	+	26434654	26438801	SPAG7	NC_037346.1
PFN1	+	26447402	26450242	PFN1	NC_037346.1
SLC25A11	+	26455528	26458255	SLC25A11	NC_037346.1
VMO1	+	26574660	26575742	VMO1	NC_037346.1
ALOX15	+	26697233	26705814	ALOX15	NC_037346.1
ALOX12E	+	26726714	26736424	ALOX12E	NC_037346.1
ALOX12	+	26787205	26800876	ALOX12	NC_037346.1
BCL6B	+	26813391	26819329	BCL6B	NC_037346.1
SLC16A13	+	26821869	26825361	SLC16A13	NC_037346.1
LOC112442813	+	26905675	26905819	LOC112442813	NC_037346.1
ACADVL	+	26934843	26940041	ACADVL	NC_037346.1
ELP5	+	26962499	26969875	ELP5	NC_037346.1
SLC2A4	+	26984018	26989772	SLC2A4	NC_037346.1
EIF5A	+	27015338	27020478	EIF5A	NC_037346.1
TMEM95	+	27054969	27059048	TMEM95	NC_037346.1
TNK1	+	27062711	27073648	TNK1	NC_037346.1
NLGN2	+	27083932	27098969	NLGN2	NC_037346.1
SPEM3	+	27105829	27110164	SPEM3	NC_037346.1
FGF11	+	27115109	27121780	FGF11	NC_037346.1
CHRNB1	+	27121908	27132655	CHRNB1	NC_037346.1
SLC35G6	+	27148294	27150325	SLC35G6	NC_037346.1
POLR2A	+	27151259	27171770	POLR2A	NC_037346.1
LOC100568284	+	27221243	27222397	LOC100568284	NC_037346.1
LOC112442633	+	27223021	27230034	LOC112442633	NC_037346.1
LOC112442635	+	27275414	27276385	LOC112442635	NC_037346.1
TNFSF12	+	27283307	27291150	TNFSF12	NC_037346.1
SENP3	+	27295288	27304661	SENP3	NC_037346.1
LOC112442840	+	27309365	27309505	LOC112442840	NC_037346.1
LOC112442805	+	27310490	27310633	LOC112442805	NC_037346.1
SHBG	+	27346147	27350672	SHBG	NC_037346.1
EFNB3	+	27403079	27409148	EFNB3	NC_037346.1
DNAH2	+	27415000	27523441	DNAH2	NC_037346.1
CYB5D1	+	27548918	27552991	CYB5D1	NC_037346.1
CHD3	+	27570581	27595691	CHD3	NC_037346.1
LOC112442833	+	27589400	27589539	LOC112442833	NC_037346.1
CNTROB	+	27612430	27632880	CNTROB	NC_037346.1
GUCY2D	+	27662514	27676988	GUCY2D	NC_037346.1
ALOX15B	+	27695196	27704006	ALOX15B	NC_037346.1
TRNAK-UUU-31	+	27761050	27761122	TRNAK-UUU	NC_037346.1
TRNAR-UCU-18	+	27762806	27762892	TRNAR-UCU	NC_037346.1
TRNAG-GCC-33	+	27767594	27767664	TRNAG-GCC	NC_037346.1
LOC112442777	+	27771796	27771905	LOC112442777	NC_037346.1
LOC104975022	+	27823719	27831188	LOC104975022	NC_037346.1
TRNAW-CCA-115	+	27829637	27829708	TRNAW-CCA	NC_037346.1
TRNAS-GCU-7	+	27830143	27830224	TRNAS-GCU	NC_037346.1
TRNAT-AGU-4	+	27830446	27830519	TRNAT-AGU	NC_037346.1
TRNAI-AAU-3	+	27830911	27830984	TRNAI-AAU	NC_037346.1
TRNAG-UCC-111	+	27846569	27846640	TRNAG-UCC	NC_037346.1
PFAS	+	27880011	27899172	PFAS	NC_037346.1
LOC101903678	+	27909313	27916359	LOC101903678	NC_037346.1
ARHGEF15	+	27923674	27936119	ARHGEF15	NC_037346.1
ODF4	+	27949539	27954571	ODF4	NC_037346.1
NDEL1	+	27979422	28062771	NDEL1	NC_037346.1
LOC132343043	+	28090843	28102237	LOC132343043	NC_037346.1
LOC101904128	+	28430069	28439833	LOC101904128	NC_037346.1
LOC112442637	+	28825025	28841364	LOC112442637	NC_037346.1
CFAP52	+	28867455	28893278	CFAP52	NC_037346.1
GLP2R	+	28982916	29025743	GLP2R	NC_037346.1
LOC132343044	+	29028611	29030160	LOC132343044	NC_037346.1
ADPRM	+	29667889	29675257	ADPRM	NC_037346.1
SHISA6	+	30044958	30307081	SHISA6	NC_037346.1
DNAH9	+	30328593	30619055	DNAH9	NC_037346.1
MAP2K4	+	30649006	30726941	MAP2K4	NC_037346.1
MYOCD	+	31096860	31188718	MYOCD	NC_037346.1
ARHGAP44	+	31200416	31362082	ARHGAP44	NC_037346.1
LOC112442572	+	31487489	31527152	LOC112442572	NC_037346.1
HS3ST3B1	+	32225404	32265270	HS3ST3B1	NC_037346.1
LOC104975041	+	32781473	32785225	LOC104975041	NC_037346.1
LOC132343051	+	32850039	32853311	LOC132343051	NC_037346.1
ZNF624	+	33089193	33101488	ZNF624	NC_037346.1
TRNAW-CCA-117	+	33114203	33114274	TRNAW-CCA	NC_037346.1
ZNF287	+	33124845	33139553	ZNF287	NC_037346.1
LOC101907886	+	33228937	33238695	LOC101907886	NC_037346.1
CENPV	+	33274581	33282860	CENPV	NC_037346.1
LOC104975044	+	33286878	33305410	LOC104975044	NC_037346.1
NCOR1	+	33326704	33442361	NCOR1	NC_037346.1
LOC132342975	+	33445601	33457039	LOC132342975	NC_037346.1
ZSWIM7	+	33472383	33481999	ZSWIM7	NC_037346.1
AKAP10	+	33740651	33788103	AKAP10	NC_037346.1
ALDH3A1	+	33878305	33886171	ALDH3A1	NC_037346.1
MFAP4	+	34082571	34085108	MFAP4	NC_037346.1
LOC112442748	+	34090538	34098503	LOC112442748	NC_037346.1
B9D1	+	34106759	34115097	B9D1	NC_037346.1
FAM83G	+	34230344	34258786	FAM83G	NC_037346.1
LOC132343052	+	34279779	34281541	LOC132343052	NC_037346.1
SHMT1	+	34321399	34350214	SHMT1	NC_037346.1
TOP3A	+	34359100	34380723	TOP3A	NC_037346.1
FLII	+	34386861	34398940	FLII	NC_037346.1
LOC132342976	+	34446148	34448999	LOC132342976	NC_037346.1
ATPAF2	+	34524302	34536014	ATPAF2	NC_037346.1
TOM1L2	+	34556907	34628410	TOM1L2	NC_037346.1
SREBF1	+	34633068	34649776	SREBF1	NC_037346.1
MIR33B	+	34647548	34647641	MIR33B	NC_037346.1
LOC132342977	+	34728495	34735493	LOC132342977	NC_037346.1
PEMT	+	34780678	34816445	PEMT	NC_037346.1
LOC112442643	+	34846738	34858624	LOC112442643	NC_037346.1
COPS3	+	34886659	34904856	COPS3	NC_037346.1
PLD6	+	34939346	34942156	PLD6	NC_037346.1
KCNJ12	+	35328104	35365897	KCNJ12	NC_037346.1
MBTD1	+	35512622	35580626	MBTD1	NC_037346.1
LOC132343056	+	35589029	35591516	LOC132343056	NC_037346.1
ANKRD40CL	+	35981175	35987327	ANKRD40CL	NC_037346.1
ANKRD40	+	36026569	36046089	ANKRD40	NC_037346.1
LOC101902385	+	36178296	36204216	LOC101902385	NC_037346.1
MIR584-2	+	36241834	36241922	MIR584-2	NC_037346.1
CHAD	+	36246948	36259890	CHAD	NC_037346.1
LRRC59	+	36285641	36297388	LRRC59	NC_037346.1
MRPL27	+	36304898	36309728	MRPL27	NC_037346.1
LOC112442871	+	36393174	36393280	LOC112442871	NC_037346.1
LOC618012	+	36439398	36439778	LOC618012	NC_037346.1
COL1A1	+	36457711	36474476	COL1A1	NC_037346.1
H1-9	+	36486101	36487197	H1-9	NC_037346.1
PPP1R9B	+	36507148	36523339	PPP1R9B	NC_037346.1
SAMD14	+	36526611	36543424	SAMD14	NC_037346.1
DLX3	+	36662426	36667620	DLX3	NC_037346.1
LOC100196902	+	36687370	36692709	LOC100196902	NC_037346.1
LOC112442774	+	36735703	36735810	LOC112442774	NC_037346.1
TAC4	+	36792089	36805387	TAC4	NC_037346.1
MIR10183	+	36869257	36869330	MIR10183	NC_037346.1
SLC35B1	+	36913916	36920744	SLC35B1	NC_037346.1
LOC112442794	+	36917118	36917252	LOC112442794	NC_037346.1
PHB1	+	37195939	37206559	PHB1	NC_037346.1
GNGT2	+	37361994	37366304	GNGT2	NC_037346.1
LOC112442812	+	37455904	37456029	LOC112442812	NC_037346.1
GIP	+	37567732	37573010	GIP	NC_037346.1
LOC132343061	+	37621064	37622625	LOC132343061	NC_037346.1
TTLL6	+	37720173	37766160	TTLL6	NC_037346.1
MIR1814A	+	37777085	37777156	MIR1814A	NC_037346.1
HOXB13	+	37791919	37794442	HOXB13	NC_037346.1
MIR196A-1	+	37860865	37860966	MIR196A-1	NC_037346.1
HOXB8	+	37867472	37880993	HOXB8	NC_037346.1
HOXB7	+	37882418	37884842	HOXB7	NC_037346.1
HOXB6	+	37889310	37896710	HOXB6	NC_037346.1
HOXB5	+	37896800	37901190	HOXB5	NC_037346.1
MIR2886	+	37905897	37905971	MIR2886	NC_037346.1
MIR10A	+	37912303	37912411	MIR10A	NC_037346.1
HOXB4	+	37913845	37916665	HOXB4	NC_037346.1
HOXB2	+	37946400	37948660	HOXB2	NC_037346.1
SKAP1	+	38060670	38366730	SKAP1	NC_037346.1
MIR2340	+	38262561	38262636	MIR2340	NC_037346.1
CBX1	+	38395594	38421240	CBX1	NC_037346.1
COPZ2	+	38443698	38453502	COPZ2	NC_037346.1
MIR152	+	38444475	38444560	MIR152	NC_037346.1
PRR15L	+	38500998	38516495	PRR15L	NC_037346.1
LOC112442656	+	38565534	38592551	LOC112442656	NC_037346.1
SP6	+	38612782	38618395	SP6	NC_037346.1
SCRN2	+	38623127	38626863	SCRN2	NC_037346.1
MRPL10	+	38631957	38637781	MRPL10	NC_037346.1
OSBPL7	+	38639433	38651271	OSBPL7	NC_037346.1
SOCS7	+	39010983	39039792	SOCS7	NC_037346.1
MLLT6	+	39301585	39324344	MLLT6	NC_037346.1
CISD3	+	39324977	39327910	CISD3	NC_037346.1
PSMB3	+	39344060	39353531	PSMB3	NC_037346.1
LOC112442661	+	39365916	39371322	LOC112442661	NC_037346.1
LOC112442662	+	39443110	39449441	LOC112442662	NC_037346.1
MIR2341	+	39452025	39452083	MIR2341	NC_037346.1
LASP1	+	39454627	39495002	LASP1	NC_037346.1
LOC132342981	+	39716246	39736133	LOC132342981	NC_037346.1
TRNAW-CCA-119	+	39826543	39826614	TRNAW-CCA	NC_037346.1
MIR2342	+	39867956	39868029	MIR2342	NC_037346.1
CDK12	+	39879270	39919425	CDK12	NC_037346.1
PPP1R1B	+	40006493	40015037	PPP1R1B	NC_037346.1
STARD3	+	40015353	40040219	STARD3	NC_037346.1
TCAP	+	40041921	40042649	TCAP	NC_037346.1
PNMT	+	40044842	40046528	PNMT	NC_037346.1
ERBB2	+	40072599	40096977	ERBB2	NC_037346.1
GRB7	+	40104363	40113094	GRB7	NC_037346.1
ZPBP2	+	40217422	40227152	ZPBP2	NC_037346.1
LOC112442664	+	40249285	40252107	LOC112442664	NC_037346.1
LRRC3C	+	40267978	40275519	LRRC3C	NC_037346.1
GSDMA	+	40285452	40304382	GSDMA	NC_037346.1
PSMD3	+	40310438	40323641	PSMD3	NC_037346.1
CSF3	+	40329799	40332910	CSF3	NC_037346.1
THRA	+	40365895	40390931	THRA	NC_037346.1
MSL1	+	40417972	40430071	MSL1	NC_037346.1
CASC3	+	40433270	40455092	CASC3	NC_037346.1
RAPGEFL1	+	40458510	40472953	RAPGEFL1	NC_037346.1
WIPF2	+	40490324	40531501	WIPF2	NC_037346.1
RARA	+	40551174	40595283	RARA	NC_037346.1
IGFBP4	+	40672669	40684257	IGFBP4	NC_037346.1
LOC132343069	+	40732525	40741604	LOC132343069	NC_037346.1
LOC132343070	+	40906895	40957643	LOC132343070	NC_037346.1
LOC100847371	+	41406920	41407819	LOC100847371	NC_037346.1
LOC107131522	+	41413149	41413652	LOC107131522	NC_037346.1
KRTAP9-1	+	41451564	41453025	KRTAP9-1	NC_037346.1
LOC112442670	+	41468080	41469156	LOC112442670	NC_037346.1
LOC100848850	+	41482762	41483609	LOC100848850	NC_037346.1
LOC104975084	+	41874504	41885151	LOC104975084	NC_037346.1
LOC112442825	+	41879096	41879215	LOC112442825	NC_037346.1
EIF1	+	41907220	41909777	EIF1	NC_037346.1
GAST	+	41926788	41929100	GAST	NC_037346.1
TRNAG-UCC-112	+	41963705	41963777	TRNAG-UCC	NC_037346.1
FKBP10	+	42006082	42014015	FKBP10	NC_037346.1
ODAD4	+	42107196	42129065	ODAD4	NC_037346.1
CNP	+	42130977	42138137	CNP	NC_037346.1
NKIRAS2	+	42171739	42176535	NKIRAS2	NC_037346.1
HSPB9	+	42257571	42258088	HSPB9	NC_037346.1
LOC132343075	+	42296938	42299790	LOC132343075	NC_037346.1
TRNAG-CCC-177	+	42390010	42390082	TRNAG-CCC	NC_037346.1
LOC514507	+	42545748	42546823	LOC514507	NC_037346.1
ATP6V0A1	+	42560862	42610504	ATP6V0A1	NC_037346.1
LOC112442811	+	42586453	42586587	LOC112442811	NC_037346.1
NAGLU	+	42618482	42625470	NAGLU	NC_037346.1
HSD17B1	+	42627994	42630487	HSD17B1	NC_037346.1
COASY	+	42638742	42642781	COASY	NC_037346.1
TUBG1	+	42676139	42680835	TUBG1	NC_037346.1
TUBG2	+	42720105	42725015	TUBG2	NC_037346.1
CNTNAP1	+	42738007	42754328	CNTNAP1	NC_037346.1
RAMP2	+	42800260	42802111	RAMP2	NC_037346.1
VPS25	+	42805645	42810403	VPS25	NC_037346.1
WNK4	+	42810506	42826231	WNK4	NC_037346.1
PSME3	+	42848303	42866438	PSME3	NC_037346.1
AOC2	+	42867320	42872439	AOC2	NC_037346.1
AOC3	+	42872958	42879830	AOC3	NC_037346.1
LOC100138645	+	42921314	42933844	LOC100138645	NC_037346.1
G6PC1	+	42949691	42961818	G6PC1	NC_037346.1
RUNDC1	+	43012010	43020122	RUNDC1	NC_037346.1
RPL27	+	43026105	43028407	RPL27	NC_037346.1
IFI35	+	43030232	43043992	IFI35	NC_037346.1
RND2	+	43052326	43056163	RND2	NC_037346.1
TMEM106A	+	43169635	43176500	TMEM106A	NC_037346.1
LOC112442858	+	43195585	43195775	LOC112442858	NC_037346.1
LOC112442859	+	43203123	43203311	LOC112442859	NC_037346.1
LOC112442853	+	43221844	43222034	LOC112442853	NC_037346.1
LOC112442846	+	43229814	43230004	LOC112442846	NC_037346.1
LOC112442860	+	43234239	43234423	LOC112442860	NC_037346.1
LOC112442849	+	43242759	43242949	LOC112442849	NC_037346.1
LOC112442855	+	43290850	43291041	LOC112442855	NC_037346.1
LOC112442843	+	43294703	43294893	LOC112442843	NC_037346.1
ARL4D	+	43342402	43344320	ARL4D	NC_037346.1
DHX8	+	43415313	43443775	DHX8	NC_037346.1
LOC132342987	+	43624353	43627499	LOC132342987	NC_037346.1
CFAP97D1	+	43673311	43676780	CFAP97D1	NC_037346.1
CD300LG	+	43733825	43745516	CD300LG	NC_037346.1
LOC788952	+	43807905	43810009	LOC788952	NC_037346.1
NAGS	+	43861502	43868268	NAGS	NC_037346.1
G6PC3	+	43907216	43911994	G6PC3	NC_037346.1
LOC132343083	+	43943962	43944857	LOC132343083	NC_037346.1
HROB	+	43971240	43987322	HROB	NC_037346.1
ASB16	+	43989607	43997145	ASB16	NC_037346.1
TMUB2	+	44005499	44009461	TMUB2	NC_037346.1
LOC101907697	+	44016668	44024249	LOC101907697	NC_037346.1
LOC107131530	+	44039320	44040791	LOC107131530	NC_037346.1
RUNDC3A	+	44116108	44125794	RUNDC3A	NC_037346.1
GRN	+	44149159	44156199	GRN	NC_037346.1
LOC132343085	+	44182721	44184142	LOC132343085	NC_037346.1
MEIOC	+	44410560	44425751	MEIOC	NC_037346.1
DBF4B	+	44436350	44478961	DBF4B	NC_037346.1
ADAM11	+	44485264	44506001	ADAM11	NC_037346.1
HIGD1B	+	44558594	44566919	HIGD1B	NC_037346.1
FAM187A	+	44609317	44611462	FAM187A	NC_037346.1
LOC104975097	+	44640950	44649510	LOC104975097	NC_037346.1
LOC132343086	+	44705093	44709147	LOC132343086	NC_037346.1
HEXIM1	+	44814089	44816003	HEXIM1	NC_037346.1
HEXIM2	+	44820817	44828523	HEXIM2	NC_037346.1
FMNL1	+	44862920	44889501	FMNL1	NC_037346.1
LOC132343087	+	44908040	44912588	LOC132343087	NC_037346.1
LOC112442775	+	44995862	44995965	LOC112442775	NC_037346.1
LOC132343090	+	45208538	45220241	LOC132343090	NC_037346.1
RPRML	+	45251973	45253136	RPRML	NC_037346.1
LOC132343091	+	45517113	45521982	LOC132343091	NC_037346.1
LOC132343092	+	45539845	45551599	LOC132343092	NC_037346.1
ARF2	+	45605693	45624231	ARF2	NC_037346.1
LOC112442878	+	45723662	45723768	LOC112442878	NC_037346.1
CRHR1	+	45791665	45843559	CRHR1	NC_037346.1
SPPL2C	+	45852659	45854892	SPPL2C	NC_037346.1
ITGB3	+	46322645	46392503	ITGB3	NC_037346.1
EFCAB13	+	46399916	46610353	EFCAB13	NC_037346.1
LOC112442576	+	46650219	46710492	LOC112442576	NC_037346.1
EFCAB3	+	46715380	46862874	EFCAB3	NC_037346.1
TLK2	+	46911573	47035468	TLK2	NC_037346.1
MRC2	+	47043142	47103169	MRC2	NC_037346.1
TRNAC-GCA-181	+	47334793	47334864	TRNAC-GCA	NC_037346.1
TANC2	+	47400683	47764655	TANC2	NC_037346.1
TRNAC-ACA-177	+	47658520	47658591	TRNAC-ACA	NC_037346.1
ACE	+	47798612	47819230	ACE	NC_037346.1
ACE3	+	47827236	47840921	ACE3	NC_037346.1
KCNH6	+	47841011	47864805	KCNH6	NC_037346.1
DCAF7	+	47867640	47894383	DCAF7	NC_037346.1
TACO1	+	47902089	47906269	TACO1	NC_037346.1
MAP3K3	+	47912553	47973780	MAP3K3	NC_037346.1
LOC132342982	+	47976662	47978210	LOC132342982	NC_037346.1
DDX42	+	48033503	48069343	DDX42	NC_037346.1
TCAM1	+	48100035	48108407	TCAM1	NC_037346.1
LOC132343099	+	48163282	48169692	LOC132343099	NC_037346.1
PRR29	+	48200650	48204115	PRR29	NC_037346.1
TRNAV-UAC-10	+	48214019	48214091	TRNAV-UAC	NC_037346.1
LOC132343100	+	48278082	48281582	LOC132343100	NC_037346.1
TRNAG-UCC-113	+	48339674	48339746	TRNAG-UCC	NC_037346.1
LOC101902037	+	48365850	48366546	LOC101902037	NC_037346.1
LOC112442831	+	48366577	48366709	LOC112442831	NC_037346.1
LOC132343101	+	48404557	48406597	LOC132343101	NC_037346.1
LOC112442686	+	48596381	48605089	LOC112442686	NC_037346.1
CEP95	+	48686583	48729668	CEP95	NC_037346.1
TRNAR-CCG-4	+	48966332	48966404	TRNAR-CCG	NC_037346.1
TRNAE-UUC-107	+	49116791	49116863	TRNAE-UUC	NC_037346.1
LOC101905668	+	49390371	49391167	LOC101905668	NC_037346.1
LOC104975111	+	49437822	49453253	LOC104975111	NC_037346.1
LOC100848007	+	49522904	49523732	LOC100848007	NC_037346.1
LOC132343104	+	49639796	49650972	LOC132343104	NC_037346.1
B3GNTL1	+	49662129	49793769	B3GNTL1	NC_037346.1
RAB40B	+	49959014	49984081	RAB40B	NC_037346.1
WDR45B	+	49991652	50015615	WDR45B	NC_037346.1
TRNAM-CAU-14	+	50097758	50097829	TRNAM-CAU	NC_037346.1
TRNAQ-UUG-8	+	50098061	50098132	TRNAQ-UUG	NC_037346.1
CYBC1	+	50123015	50129121	CYBC1	NC_037346.1
OGFOD3	+	50145820	50162302	OGFOD3	NC_037346.1
LOC100299732	+	50205863	50208422	LOC100299732	NC_037346.1
LOC100300442	+	50245145	50280821	LOC100300442	NC_037346.1
LOC101903434	+	50425505	50444423	LOC101903434	NC_037346.1
LOC781977	+	50528576	50540214	LOC781977	NC_037346.1
CSNK1D	+	50597274	50635075	CSNK1D	NC_037346.1
FASN	+	50776231	50794939	FASN	NC_037346.1
MIR10179	+	50790685	50790768	MIR10179	NC_037346.1
DUS1L	+	50809170	50815942	DUS1L	NC_037346.1
RFNG	+	50821423	50825526	RFNG	NC_037346.1
LOC782391	+	50853944	50856945	LOC782391	NC_037346.1
LOC112441469	+	50859580	50862192	LOC112441469	NC_037346.1
DCXR	+	50873450	50876111	DCXR	NC_037346.1
CENPX	+	50887829	50891455	CENPX	NC_037346.1
NOTUM	+	50934814	50942218	NOTUM	NC_037346.1
MYADML2	+	50953006	50956142	MYADML2	NC_037346.1
MAFG	+	50967234	50976288	MAFG	NC_037346.1
SIRT7	+	50976406	50982602	SIRT7	NC_037346.1
PCYT2	+	50982898	50990089	PCYT2	NC_037346.1
ARHGDIA	+	51024488	51028503	ARHGDIA	NC_037346.1
P4HB	+	51034558	51044547	P4HB	NC_037346.1
MCRIP1	+	51050682	51058642	MCRIP1	NC_037346.1
ARL16	+	51137129	51148512	ARL16	NC_037346.1
OXLD1	+	51154293	51156621	OXLD1	NC_037346.1
NPLOC4	+	51171898	51220484	NPLOC4	NC_037346.1
FAAP100	+	51224563	51234338	FAAP100	NC_037346.1
MIR3533	+	51261145	51261228	MIR3533	NC_037346.1
SLC38A10	+	51437161	51478790	SLC38A10	NC_037346.1
TEPSIN	+	51483156	51494286	TEPSIN	NC_037346.1
CEP131	+	51500741	51517013	CEP131	NC_037346.1
AATK	+	51538207	51577915	AATK	NC_037346.1
MIR338	+	51569617	51569708	MIR338	NC_037346.1
LOC101902772	+	51642247	51646929	LOC101902772	NC_037346.1
LOC132343114	+	52006029	52009903	LOC132343114	NC_037346.1
NPTX1	+	52059956	52066350	NPTX1	NC_037346.1
SGSH	+	52424212	52431355	SGSH	NC_037346.1
TBC1D16	+	52544488	52633398	TBC1D16	NC_037346.1
CBX4	+	52701458	52707711	CBX4	NC_037346.1
CBX8	+	52742564	52745101	CBX8	NC_037346.1
RBFOX3	+	52892990	53338240	RBFOX3	NC_037346.1
LGALS3BP	+	53416711	53426712	LGALS3BP	NC_037346.1
TIMP2	+	53460835	53512593	TIMP2	NC_037346.1
CEP295NL	+	53476526	53485751	CEP295NL	NC_037346.1
USP36	+	53522739	53555172	USP36	NC_037346.1
CYTH1	+	53565787	53645562	CYTH1	NC_037346.1
SOCS3	+	53839192	53842544	SOCS3	NC_037346.1
LOC104975122	+	53873968	53882551	LOC104975122	NC_037346.1
THA1	+	53918878	53924906	THA1	NC_037346.1
TK1	+	53977794	53991181	TK1	NC_037346.1
LOC112442706	+	53999066	54002807	LOC112442706	NC_037346.1
LOC112442705	+	54008608	54012230	LOC112442705	NC_037346.1
TMC6	+	54024507	54048074	TMC6	NC_037346.1
LOC112442835	+	54191728	54191859	LOC112442835	NC_037346.1
TRNAE-CUC-35	+	54329426	54329498	TRNAE-CUC	NC_037346.1
LOC112442708	+	54605052	54608858	LOC112442708	NC_037346.1
LOC100196898	+	54797927	54800555	LOC100196898	NC_037346.1
MIR6516	+	54798624	54798685	MIR6516	NC_037346.1
LOC132343116	+	54921736	54924254	LOC132343116	NC_037346.1
JMJD6	+	55052563	55058374	JMJD6	NC_037346.1
MXRA7	+	55065484	55097064	MXRA7	NC_037346.1
ST6GALNAC1	+	55119331	55138795	ST6GALNAC1	NC_037346.1
ST6GALNAC2	+	55174159	55193765	ST6GALNAC2	NC_037346.1
LOC100848027	+	55210741	55213504	LOC100848027	NC_037346.1
RHBDF2	+	55249968	55274779	RHBDF2	NC_037346.1
UBE2O	+	55299902	55349238	UBE2O	NC_037346.1
PRPSAP1	+	55387190	55413082	PRPSAP1	NC_037346.1
QRICH2	+	55413706	55443893	QRICH2	NC_037346.1
FOXJ1	+	55540931	55545876	FOXJ1	NC_037346.1
LOC104975134	+	55547326	55557499	LOC104975134	NC_037346.1
EXOC7	+	55560870	55581189	EXOC7	NC_037346.1
EVPL	+	55626318	55644365	EVPL	NC_037346.1
FBF1	+	55694918	55716391	FBF1	NC_037346.1
LOC112442782	+	55711417	55711519	LOC112442782	NC_037346.1
MRPL38	+	55721633	55726176	MRPL38	NC_037346.1
TRIM65	+	55727620	55732560	TRIM65	NC_037346.1
TRIM47	+	55741328	55745792	TRIM47	NC_037346.1
WBP2	+	55761579	55769032	WBP2	NC_037346.1
UNC13D	+	55769129	55785637	UNC13D	NC_037346.1
LOC132343121	+	55787065	55795892	LOC132343121	NC_037346.1
H3-3B	+	55821418	55823783	H3-3B	NC_037346.1
GALK1	+	55833248	55840036	GALK1	NC_037346.1
CASKIN2	+	56029046	56043099	CASKIN2	NC_037346.1
GRB2	+	56117213	56183327	GRB2	NC_037346.1
SLC25A19	+	56206302	56217714	SLC25A19	NC_037346.1
MIF4GD	+	56216315	56223189	MIF4GD	NC_037346.1
SUMO2	+	56285479	56294361	SUMO2	NC_037346.1
NT5C	+	56316324	56320658	NT5C	NC_037346.1
ATP5PD	+	56398992	56403757	ATP5PD	NC_037346.1
TRNAR-UCG-3	+	56411984	56412056	TRNAR-UCG	NC_037346.1
TRNAR-CCU-31	+	56412383	56412455	TRNAR-CCU	NC_037346.1
USH1G	+	56501076	56504816	USH1G	NC_037346.1
FDXR	+	56542695	56554192	FDXR	NC_037346.1
GRIN2C	+	56556714	56571890	GRIN2C	NC_037346.1
CD300LF	+	56700674	56719158	CD300LF	NC_037346.1
MIR2284AA-2	+	56749268	56749346	MIR2284AA-2	NC_037346.1
CD300E	+	56769208	56783051	CD300E	NC_037346.1
LOC509881	+	56839687	56847036	LOC509881	NC_037346.1
CD300H	+	56866793	56875153	CD300H	NC_037346.1
CD300C	+	56882565	56887856	CD300C	NC_037346.1
LOC526163	+	56890682	56895464	LOC526163	NC_037346.1
BTBD17	+	57046452	57051574	BTBD17	NC_037346.1
LOC132343124	+	57065083	57072249	LOC132343124	NC_037346.1
LOC112442726	+	57072547	57076971	LOC112442726	NC_037346.1
LOC112442725	+	57080010	57081446	LOC112442725	NC_037346.1
LOC132342990	+	57634682	57636370	LOC132342990	NC_037346.1
SDK2	+	57666059	58014512	SDK2	NC_037346.1
CDC42EP4	+	58037589	58058068	CDC42EP4	NC_037346.1
CPSF4L	+	58066380	58078512	CPSF4L	NC_037346.1
FAM104A	+	58095776	58116605	FAM104A	NC_037346.1
SLC39A11	+	58126972	58503175	SLC39A11	NC_037346.1
LOC101907523	+	58528627	58690313	LOC101907523	NC_037346.1
LOC104975155	+	58746932	58758996	LOC104975155	NC_037346.1
LOC132343130	+	58979595	58982366	LOC132343130	NC_037346.1
LOC101902884	+	58999453	59484429	LOC101902884	NC_037346.1
LOC132343134	+	59588268	59685489	LOC132343134	NC_037346.1
LOC104975158	+	60074961	60080200	LOC104975158	NC_037346.1
LOC112442736	+	60899397	60909015	LOC112442736	NC_037346.1
LOC132343137	+	61079947	61098950	LOC132343137	NC_037346.1
LOC104975164	+	61277142	61278613	LOC104975164	NC_037346.1
ABCA5	+	61281179	61344147	ABCA5	NC_037346.1
ABCA10	+	61355299	61409776	ABCA10	NC_037346.1
ABCA6	+	61420312	61483298	ABCA6	NC_037346.1
ABCA9	+	61488195	61544575	ABCA9	NC_037346.1
MGC134105	+	61594766	61615395	MGC134105	NC_037346.1
LOC107131549	+	61640038	61649149	LOC107131549	NC_037346.1
FAM20A	+	61658274	61698645	FAM20A	NC_037346.1
WIPI1	+	61752501	61782685	WIPI1	NC_037346.1
RGS9	+	61983611	62043250	RGS9	NC_037346.1
LOC112442583	+	62187563	62188590	LOC112442583	NC_037346.1
PRKCA	+	62664528	62975086	PRKCA	NC_037346.1
CACNG5	+	62987886	63017114	CACNG5	NC_037346.1
CACNG4	+	63063577	63114957	CACNG4	NC_037346.1
LOC112442744	+	63348496	63360362	LOC112442744	NC_037346.1
LOC100295750	+	87024	87670	LOC100295750	NC_037347.1
LOC132343197	+	114049	119300	LOC132343197	NC_037347.1
SPDL1	+	1477131	1510230	SPDL1	NC_037347.1
DOCK2	+	1544579	2002178	DOCK2	NC_037347.1
FOXI1	+	2012299	2015726	FOXI1	NC_037347.1
C20H5orf58	+	2120661	2130047	C20H5orf58	NC_037347.1
KCNIP1	+	2234607	2642349	KCNIP1	NC_037347.1
MIR12032	+	2373109	2373165	MIR12032	NC_037347.1
GABRP	+	2680461	2707204	GABRP	NC_037347.1
TRNAC-GCA-183	+	2876439	2876511	TRNAC-GCA	NC_037347.1
TRNAK-UUU-32	+	3173734	3173804	TRNAK-UUU	NC_037347.1
NPM1	+	3205493	3218379	NPM1	NC_037347.1
FGF18	+	3226947	3262578	FGF18	NC_037347.1
SMIM23	+	3593696	3599527	SMIM23	NC_037347.1
LOC101903110	+	3808069	3820715	LOC101903110	NC_037347.1
LOC112442977	+	3890832	3896181	LOC112442977	NC_037347.1
EFCAB9	+	3986659	3992316	EFCAB9	NC_037347.1
ERGIC1	+	4595084	4709462	ERGIC1	NC_037347.1
CREBRF	+	4776517	4841440	CREBRF	NC_037347.1
BNIP1	+	4841536	4854725	BNIP1	NC_037347.1
LOC104975192	+	4923500	4926624	LOC104975192	NC_037347.1
CPEB4	+	5606033	5678509	CPEB4	NC_037347.1
C20H5orf47	+	5702503	5720067	C20H5orf47	NC_037347.1
NSG2	+	5750353	5822134	NSG2	NC_037347.1
LOC104975196	+	5780432	5781031	LOC104975196	NC_037347.1
TRNAE-CUC-36	+	6288100	6288172	TRNAE-CUC	NC_037347.1
MSX2	+	6444425	6449315	MSX2	NC_037347.1
FAM169A	+	6676490	6741950	FAM169A	NC_037347.1
GFM2	+	6750173	6820920	GFM2	NC_037347.1
LOC786974	+	6840563	6875481	LOC786974	NC_037347.1
ENC1	+	6918477	6930789	ENC1	NC_037347.1
LOC112443028	+	7271738	7281833	LOC112443028	NC_037347.1
CALM	+	8144460	8145622	CALM	NC_037347.1
FOXD1	+	8177657	8179920	FOXD1	NC_037347.1
LOC132343203	+	8816817	8823998	LOC132343203	NC_037347.1
ZNF366	+	9113166	9177824	ZNF366	NC_037347.1
MRPS27	+	9286624	9390589	MRPS27	NC_037347.1
LOC132343207	+	9624016	9629722	LOC132343207	NC_037347.1
SERF1B	+	10091856	10095636	SERF1B	NC_037347.1
TRNAK-UUU-33	+	10231396	10231468	TRNAK-UUU	NC_037347.1
AK6	+	10375806	10389676	AK6	NC_037347.1
TAF9	+	10375865	10379393	TAF9	NC_037347.1
CCDC125	+	10395956	10427956	CCDC125	NC_037347.1
LOC104975214	+	10869909	11169780	LOC104975214	NC_037347.1
LOC101902212	+	11240644	11260256	LOC101902212	NC_037347.1
LOC112443029	+	11497163	11530310	LOC112443029	NC_037347.1
LOC101902172	+	11815524	11816193	LOC101902172	NC_037347.1
LOC104975219	+	12356804	12364409	LOC104975219	NC_037347.1
CD180	+	12417835	12432400	CD180	NC_037347.1
LOC112442988	+	12622780	12628535	LOC112442988	NC_037347.1
MIR2285Z	+	13456011	13456106	MIR2285Z	NC_037347.1
SGTB	+	13853656	13900552	SGTB	NC_037347.1
HTR1A	+	15586651	15589209	HTR1A	NC_037347.1
DIMT1	+	17008150	17018596	DIMT1	NC_037347.1
TRNAR-GCG-15	+	17470763	17470834	TRNAR-GCG	NC_037347.1
TRNAG-CCC-181	+	17523539	17523611	TRNAG-CCC	NC_037347.1
LOC100850100	+	18201521	18205550	LOC100850100	NC_037347.1
ERCC8	+	18371119	18422105	ERCC8	NC_037347.1
ELOVL7	+	18454638	18531446	ELOVL7	NC_037347.1
DEPDC1B	+	18560127	18650375	DEPDC1B	NC_037347.1
PDE4D	+	18712371	20317769	PDE4D	NC_037347.1
PLK2	+	20847409	20853386	PLK2	NC_037347.1
LOC112443062	+	20893234	20893337	LOC112443062	NC_037347.1
ACTBL2	+	21798316	21799540	ACTBL2	NC_037347.1
MIR2285F-2	+	21823390	21823478	MIR2285F-2	NC_037347.1
LOC132343217	+	22049239	22050594	LOC132343217	NC_037347.1
LOC112443032	+	22159126	22185556	LOC112443032	NC_037347.1
MIER3	+	22204470	22308642	MIER3	NC_037347.1
LOC104975241	+	22322989	22389861	LOC104975241	NC_037347.1
TRNAC-GCA-185	+	22510515	22510586	TRNAC-GCA	NC_037347.1
LOC112442995	+	22560970	22611373	LOC112442995	NC_037347.1
ANKRD55	+	22986049	23096396	ANKRD55	NC_037347.1
IL6ST	+	23191788	23253568	IL6ST	NC_037347.1
MIR2359	+	23198844	23198922	MIR2359	NC_037347.1
SLC38A9	+	23441411	23542902	SLC38A9	NC_037347.1
PLPP1	+	23636355	23740316	PLPP1	NC_037347.1
CCNO	+	23901050	23903878	CCNO	NC_037347.1
MCIDAS	+	23907124	23917457	MCIDAS	NC_037347.1
CDC20B	+	23937334	24070982	CDC20B	NC_037347.1
MIR449C	+	23941699	23941804	MIR449C	NC_037347.1
MIR449B	+	23943192	23943289	MIR449B	NC_037347.1
MIR449A	+	23943316	23943403	MIR449A	NC_037347.1
ESM1	+	24108178	24117012	ESM1	NC_037347.1
CSPG4B	+	24198569	24271498	CSPG4B	NC_037347.1
LOC783202	+	24418235	24418708	LOC783202	NC_037347.1
ARL15	+	24762599	25222014	ARL15	NC_037347.1
LOC132343222	+	25588101	25590714	LOC132343222	NC_037347.1
MOCS2	+	25956802	25975148	MOCS2	NC_037347.1
LOC132343185	+	27246871	27263776	LOC132343185	NC_037347.1
LOC132343225	+	27742752	28010951	LOC132343225	NC_037347.1
LOC112443073	+	27974735	27974841	LOC112443073	NC_037347.1
EMB	+	28603891	28773845	EMB	NC_037347.1
LOC132343227	+	28774644	28916078	LOC132343227	NC_037347.1
HCN1	+	29111349	29562326	HCN1	NC_037347.1
LOC112443074	+	29411977	29412078	LOC112443074	NC_037347.1
LOC132343228	+	30080141	30088849	LOC132343228	NC_037347.1
LOC614882	+	30367455	30369165	LOC614882	NC_037347.1
FGF10	+	30504441	30601752	FGF10	NC_037347.1
PAIP1	+	31266388	31295059	PAIP1	NC_037347.1
CCL28	+	31371670	31409863	CCL28	NC_037347.1
HMGCS1	+	31431132	31456871	HMGCS1	NC_037347.1
SELENOP	+	31761770	31771443	SELENOP	NC_037347.1
MIR12004	+	31764932	31764983	MIR12004	NC_037347.1
LOC112443004	+	31826938	31945000	LOC112443004	NC_037347.1
OXCT1	+	32667602	32835065	OXCT1	NC_037347.1
TRNAY-GUA-53	+	32996084	32996172	TRNAY-GUA	NC_037347.1
C6	+	33307481	33392975	C6	NC_037347.1
MROH2B	+	33441523	33514968	MROH2B	NC_037347.1
RPL37	+	33653739	33656336	RPL37	NC_037347.1
LOC112443039	+	33656058	33656139	LOC112443039	NC_037347.1
TTC33	+	33708429	33737408	TTC33	NC_037347.1
LOC104975271	+	34050699	34244092	LOC104975271	NC_037347.1
DAB2	+	35004200	35064451	DAB2	NC_037347.1
FYB1	+	35162100	35333319	FYB1	NC_037347.1
RICTOR	+	35360857	35498729	RICTOR	NC_037347.1
LOC132343234	+	35995532	36003931	LOC132343234	NC_037347.1
GDNF	+	36614053	36642522	GDNF	NC_037347.1
NUP155	+	36974422	37026138	NUP155	NC_037347.1
CPLANE1	+	37042147	37150430	CPLANE1	NC_037347.1
LOC132343186	+	37896506	37898086	LOC132343186	NC_037347.1
RANBP3L	+	37936857	37993425	RANBP3L	NC_037347.1
LMBRD2	+	38088628	38140887	LMBRD2	NC_037347.1
UGT3A2	+	38154289	38186507	UGT3A2	NC_037347.1
LOC525484	+	38193480	38230977	LOC525484	NC_037347.1
AGXT2	+	39119608	39162313	AGXT2	NC_037347.1
LOC132343238	+	39213671	39219400	LOC132343238	NC_037347.1
RAD1	+	39227867	39236707	RAD1	NC_037347.1
C1QTNF3	+	39720158	39752668	C1QTNF3	NC_037347.1
AMACR	+	39765305	39781007	AMACR	NC_037347.1
ADAMTS12	+	39873389	40264082	ADAMTS12	NC_037347.1
LOC132343240	+	40000031	40002127	LOC132343240	NC_037347.1
LOC132343241	+	40332612	40341118	LOC132343241	NC_037347.1
LOC104975283	+	40995941	40997217	LOC104975283	NC_037347.1
TRNAG-CCC-182	+	41166838	41166910	TRNAG-CCC	NC_037347.1
ZFR	+	41213969	41297712	ZFR	NC_037347.1
MTMR12	+	41323078	41391744	MTMR12	NC_037347.1
GOLPH3	+	41439630	41491579	GOLPH3	NC_037347.1
LOC112443007	+	41510824	41516814	LOC112443007	NC_037347.1
DROSHA	+	41999397	42122156	DROSHA	NC_037347.1
LOC112442954	+	43308202	43319488	LOC112442954	NC_037347.1
LOC132343189	+	44010651	44041115	LOC132343189	NC_037347.1
CDH9	+	46626421	46765647	CDH9	NC_037347.1
TRNAC-ACA-183	+	47626710	47626782	TRNAC-ACA	NC_037347.1
TRNAS-GGA-98	+	47732078	47732149	TRNAS-GGA	NC_037347.1
CDH10	+	48811858	48998428	CDH10	NC_037347.1
TRNAG-GCC-37	+	51023834	51023906	TRNAG-GCC	NC_037347.1
CDH12	+	51192127	51567420	CDH12	NC_037347.1
CDH18	+	53333285	53938648	CDH18	NC_037347.1
TRNAW-CCA-125	+	55447086	55447157	TRNAW-CCA	NC_037347.1
LOC100849043	+	55964367	56069500	LOC100849043	NC_037347.1
MYO10	+	56234281	56495822	MYO10	NC_037347.1
RETREG1	+	56526759	56684914	RETREG1	NC_037347.1
ZNF622	+	56692057	56705774	ZNF622	NC_037347.1
MARCHF11	+	56953217	57071178	MARCHF11	NC_037347.1
LOC112443072	+	58267190	58267295	LOC112443072	NC_037347.1
ANKH	+	58307527	58477499	ANKH	NC_037347.1
TRNAC-ACA-185	+	58906673	58906744	TRNAC-ACA	NC_037347.1
DNAH5	+	59158823	59491144	DNAH5	NC_037347.1
LOC112442964	+	59647101	59659576	LOC112442964	NC_037347.1
LOC112443051	+	60045970	60046076	LOC112443051	NC_037347.1
CTNND2	+	61214507	62314149	CTNND2	NC_037347.1
TRNAC-GCA-188	+	61465008	61465079	TRNAC-GCA	NC_037347.1
LOC112443012	+	62703587	62708356	LOC112443012	NC_037347.1
LOC112443013	+	62814415	62820995	LOC112443013	NC_037347.1
TRNAC-ACA-187	+	62882494	62882565	TRNAC-ACA	NC_037347.1
CMBL	+	62947984	62973176	CMBL	NC_037347.1
LOC132343252	+	63040460	63085145	LOC132343252	NC_037347.1
TAS2R1	+	63557628	63558518	TAS2R1	NC_037347.1
SEMA5A	+	63654403	64222832	SEMA5A	NC_037347.1
FASTKD3	+	65343180	65354788	FASTKD3	NC_037347.1
LOC132343253	+	65410933	65421068	LOC132343253	NC_037347.1
LOC112443014	+	65843411	65848521	LOC112443014	NC_037347.1
TRNAC-ACA-188	+	65852837	65852908	TRNAC-ACA	NC_037347.1
LOC104969118	+	66232864	66242045	LOC104969118	NC_037347.1
LOC112443052	+	66548402	66548508	LOC112443052	NC_037347.1
NSUN2	+	66599096	66632689	NSUN2	NC_037347.1
LOC112443079	+	66616744	66616876	LOC112443079	NC_037347.1
MED10	+	66817798	66825992	MED10	NC_037347.1
LOC132343191	+	68120204	68122046	LOC132343191	NC_037347.1
LOC132343254	+	68184422	68202999	LOC132343254	NC_037347.1
LOC132343192	+	68397490	68400927	LOC132343192	NC_037347.1
LOC132343256	+	69337514	69341538	LOC132343256	NC_037347.1
IRX2	+	70038315	70044048	IRX2	NC_037347.1
TRNAW-CCA-126	+	70273424	70273495	TRNAW-CCA	NC_037347.1
LOC112442970	+	70740914	70748972	LOC112442970	NC_037347.1
LOC132343196	+	70776363	70781320	LOC132343196	NC_037347.1
IRX4	+	70777557	70786498	IRX4	NC_037347.1
LOC132343259	+	70810110	70824388	LOC132343259	NC_037347.1
MRPL36	+	70845145	70849370	MRPL36	NC_037347.1
LOC132343260	+	70960350	70966163	LOC132343260	NC_037347.1
CLPTM1L	+	71117500	71129899	CLPTM1L	NC_037347.1
TERT	+	71145276	71162377	TERT	NC_037347.1
LOC112443022	+	71206345	71220334	LOC112443022	NC_037347.1
SLC12A7	+	71235525	71301017	SLC12A7	NC_037347.1
MIR12015	+	71263673	71263724	MIR12015	NC_037347.1
BRD9	+	71390380	71408911	BRD9	NC_037347.1
TPPP	+	71467629	71488493	TPPP	NC_037347.1
SLC9A3	+	71607337	71645487	SLC9A3	NC_037347.1
LOC132343264	+	71710622	71717650	LOC132343264	NC_037347.1
LOC132343266	+	71904477	71910526	LOC132343266	NC_037347.1
IGCGAMMA	+	71926957	71928747	IGCGAMMA	NC_037347.1
LOC101906441	+	71929923	71931477	LOC101906441	NC_037347.1
LOC524810	+	71943726	71965885	LOC524810	NC_037347.1
IGHE	+	71948414	71950873	IGHE	NC_037347.1
LOC112443201	+	291592	292826	LOC112443201	NC_037348.1
LOC112443200	+	313728	314504	LOC112443200	NC_037348.1
LOC100301305	+	338079	338789	LOC100301305	NC_037348.1
LOC100300716	+	358338	358975	LOC100300716	NC_037348.1
LOC104968484	+	394191	395004	LOC104968484	NC_037348.1
LOC101908683	+	618979	624920	LOC101908683	NC_037348.1
LOC112443211	+	678565	696957	LOC112443211	NC_037348.1
LOC112443210	+	728213	729536	LOC112443210	NC_037348.1
LOC132343321	+	896456	898884	LOC132343321	NC_037348.1
MKRN3	+	1160389	1169139	MKRN3	NC_037348.1
LOC132343322	+	1633462	1655595	LOC132343322	NC_037348.1
SNRPN	+	1937668	1961040	SNRPN	NC_037348.1
LOC100849023	+	1964407	1964480	LOC100849023	NC_037348.1
LOC100848941	+	2005424	2138325	LOC100848941	NC_037348.1
LOC112443336	+	2016742	2016808	LOC112443336	NC_037348.1
LOC112443280	+	2028520	2028611	LOC112443280	NC_037348.1
LOC112443259	+	2031274	2031366	LOC112443259	NC_037348.1
LOC112443260	+	2042751	2042843	LOC112443260	NC_037348.1
LOC112443261	+	2049768	2049860	LOC112443261	NC_037348.1
LOC112443262	+	2052496	2052588	LOC112443262	NC_037348.1
LOC112443265	+	2060683	2060775	LOC112443265	NC_037348.1
LOC112443266	+	2063412	2063504	LOC112443266	NC_037348.1
LOC112443284	+	2068901	2068990	LOC112443284	NC_037348.1
LOC112443278	+	2071678	2071771	LOC112443278	NC_037348.1
LOC112443269	+	2074136	2074227	LOC112443269	NC_037348.1
LOC112443270	+	2076588	2076679	LOC112443270	NC_037348.1
LOC112443271	+	2079040	2079131	LOC112443271	NC_037348.1
LOC112443272	+	2081492	2081583	LOC112443272	NC_037348.1
LOC112443273	+	2083944	2084035	LOC112443273	NC_037348.1
LOC112443274	+	2086396	2086487	LOC112443274	NC_037348.1
LOC112443275	+	2088848	2088939	LOC112443275	NC_037348.1
LOC112443277	+	2091639	2091730	LOC112443277	NC_037348.1
LOC112443279	+	2097397	2097487	LOC112443279	NC_037348.1
LOC112443281	+	2099847	2099940	LOC112443281	NC_037348.1
LOC101907203	+	2187175	2330350	LOC101907203	NC_037348.1
LOC112443253	+	2190535	2190615	LOC112443253	NC_037348.1
LOC112443251	+	2192640	2192719	LOC112443251	NC_037348.1
LOC112443254	+	2197250	2197329	LOC112443254	NC_037348.1
LOC112443255	+	2199356	2199436	LOC112443255	NC_037348.1
LOC112443372	+	2920775	2920877	LOC112443372	NC_037348.1
GABRA5	+	4267282	4359565	GABRA5	NC_037348.1
SELENOS	+	5245019	5254197	SELENOS	NC_037348.1
CHSY1	+	5285464	5375159	CHSY1	NC_037348.1
ADAMTS17	+	6331736	6741921	ADAMTS17	NC_037348.1
LYSMD4	+	6821217	6839326	LYSMD4	NC_037348.1
TTC23	+	7416632	7576983	TTC23	NC_037348.1
IGF1R	+	7780293	8087168	IGF1R	NC_037348.1
LOC132343327	+	7833653	7839692	LOC132343327	NC_037348.1
FAM169B	+	8189541	8268116	FAM169B	NC_037348.1
LOC132343309	+	9490346	9493451	LOC132343309	NC_037348.1
LOC107131341	+	10681631	10707502	LOC107131341	NC_037348.1
LOC100847841	+	11120323	11158054	LOC100847841	NC_037348.1
LOC112443230	+	11591708	11593032	LOC112443230	NC_037348.1
LOC101902083	+	11598525	11619905	LOC101902083	NC_037348.1
LOC101902131	+	11768447	11774892	LOC101902131	NC_037348.1
LOC101902189	+	11798190	11810422	LOC101902189	NC_037348.1
LOC132343329	+	12757948	12771457	LOC132343329	NC_037348.1
LOC104975324	+	13091438	13157341	LOC104975324	NC_037348.1
RGMA	+	13981574	14031525	RGMA	NC_037348.1
FAM174B	+	14339186	14379987	FAM174B	NC_037348.1
LOC132343331	+	14413032	14415774	LOC132343331	NC_037348.1
LOC132343333	+	15219081	15322734	LOC132343333	NC_037348.1
LOC112443234	+	16041312	16046092	LOC112443234	NC_037348.1
LOC132343334	+	16159084	16172914	LOC132343334	NC_037348.1
AKAP13	+	16215293	16539759	AKAP13	NC_037348.1
AGBL1	+	16914336	17853607	AGBL1	NC_037348.1
TRNAG-CCC-183	+	18623648	18623720	TRNAG-CCC	NC_037348.1
MRPS11	+	19484233	19495139	MRPS11	NC_037348.1
LOC107131596	+	19574805	19588408	LOC107131596	NC_037348.1
MIR1179	+	19578835	19578924	MIR1179	NC_037348.1
AEN	+	19592098	19603621	AEN	NC_037348.1
LOC107131588	+	19696872	19697725	LOC107131588	NC_037348.1
LOC101905669	+	19781192	19782070	LOC101905669	NC_037348.1
LOC529925	+	19819756	19822408	LOC529925	NC_037348.1
TRNAC-GCA-190	+	19887343	19887415	TRNAC-GCA	NC_037348.1
LOC101906218	+	19916912	19927095	LOC101906218	NC_037348.1
LOC107131597	+	19974261	19975037	LOC107131597	NC_037348.1
LOC508153	+	19998510	20007821	LOC508153	NC_037348.1
LOC132343335	+	20059328	20069206	LOC132343335	NC_037348.1
LOC526149	+	20076513	20077504	LOC526149	NC_037348.1
LOC523057	+	20189246	20190494	LOC523057	NC_037348.1
ACAN	+	20377694	20447099	ACAN	NC_037348.1
FANCI	+	20723039	20787646	FANCI	NC_037348.1
MIR2363-1	+	20746535	20746608	MIR2363-1	NC_037348.1
TRNAR-UCG-5	+	20804881	20804953	TRNAR-UCG	NC_037348.1
MIR9-1	+	20839127	20839216	MIR9-1	NC_037348.1
LOC112443237	+	20849097	20869689	LOC112443237	NC_037348.1
LOC112443238	+	20958545	20959953	LOC112443238	NC_037348.1
TICRR	+	21011550	21054542	TICRR	NC_037348.1
WDR93	+	21105935	21158300	WDR93	NC_037348.1
LOC112443240	+	21166030	21167572	LOC112443240	NC_037348.1
MESP2	+	21187965	21190533	MESP2	NC_037348.1
TRNAG-UCC-119	+	21305202	21305274	TRNAG-UCC	NC_037348.1
ZNF710	+	21402057	21476438	ZNF710	NC_037348.1
SEMA4B	+	21519323	21617722	SEMA4B	NC_037348.1
GDPGP1	+	21622203	21636241	GDPGP1	NC_037348.1
NGRN	+	21635596	21641669	NGRN	NC_037348.1
VPS33B	+	21647388	21672877	VPS33B	NC_037348.1
PRC1	+	21676334	21699412	PRC1	NC_037348.1
LOC112443356	+	21690244	21690350	LOC112443356	NC_037348.1
LOC107131599	+	21896412	21922889	LOC107131599	NC_037348.1
ZSCAN2	+	22276015	22289336	ZSCAN2	NC_037348.1
LOC132343342	+	22292902	22304469	LOC132343342	NC_037348.1
ZNF592	+	22396866	22446775	ZNF592	NC_037348.1
MIR2364	+	22434714	22434787	MIR2364	NC_037348.1
ALPK3	+	22458625	22511821	ALPK3	NC_037348.1
PDE8A	+	22655192	22802545	PDE8A	NC_037348.1
LOC132343410	+	22871214	22878649	LOC132343410	NC_037348.1
LOC112443326	+	22927003	22927135	LOC112443326	NC_037348.1
LOC112443331	+	23034363	23034489	LOC112443331	NC_037348.1
WHAMM	+	23081878	23099689	WHAMM	NC_037348.1
TRNAG-GCC-38	+	23155028	23155100	TRNAG-GCC	NC_037348.1
RAMAC	+	23241764	23247123	RAMAC	NC_037348.1
LOC132343408	+	23275277	23320168	LOC132343408	NC_037348.1
LOC132343315	+	23657105	23657308	LOC132343315	NC_037348.1
SAXO2	+	24055076	24076568	SAXO2	NC_037348.1
LOC132343344	+	24352599	24358520	LOC132343344	NC_037348.1
TRNAW-CCA-128	+	24726113	24726184	TRNAW-CCA	NC_037348.1
HDGFL3	+	24845048	24921366	HDGFL3	NC_037348.1
BTBD1	+	24995357	25047183	BTBD1	NC_037348.1
ANKRD34C	+	25490328	25506738	ANKRD34C	NC_037348.1
TMED3	+	25517785	25528647	TMED3	NC_037348.1
MINAR1	+	25589833	25627072	MINAR1	NC_037348.1
TRNAC-GCA-192	+	25807399	25807470	TRNAC-GCA	NC_037348.1
TRNAC-ACA-191	+	26160110	26160181	TRNAC-ACA	NC_037348.1
TRNAG-CCC-186	+	26190640	26190712	TRNAG-CCC	NC_037348.1
LOC132343349	+	26205334	26210929	LOC132343349	NC_037348.1
ARNT2	+	26255502	26459510	ARNT2	NC_037348.1
CEMIP	+	26633898	26793961	CEMIP	NC_037348.1
TLNRD1	+	26839878	26841836	TLNRD1	NC_037348.1
TRNAG-CCC-188	+	26873424	26873496	TRNAG-CCC	NC_037348.1
IL16	+	26973354	27099796	IL16	NC_037348.1
MPHOSPH10	+	27396948	27409259	MPHOSPH10	NC_037348.1
LOC101902644	+	27474953	27480600	LOC101902644	NC_037348.1
MIR11997	+	27713492	27713580	MIR11997	NC_037348.1
LOC104975366	+	27734435	27751827	LOC104975366	NC_037348.1
LOC100335190	+	27773287	27798253	LOC100335190	NC_037348.1
APBA2	+	27956433	28095172	APBA2	NC_037348.1
TM2D3	+	28805970	28850666	TM2D3	NC_037348.1
LOC132343353	+	29447552	29451469	LOC132343353	NC_037348.1
LOC132343354	+	29616853	29623334	LOC132343354	NC_037348.1
LOC132343355	+	29964876	29973529	LOC132343355	NC_037348.1
ADAMTS7	+	30307373	30369616	ADAMTS7	NC_037348.1
SH2D7	+	30469039	30485632	SH2D7	NC_037348.1
IDH3A	+	30538337	30554570	IDH3A	NC_037348.1
DNAJA4	+	30653151	30669870	DNAJA4	NC_037348.1
IREB2	+	30828652	30881851	IREB2	NC_037348.1
TRNAC-GCA-194	+	30835161	30835232	TRNAC-GCA	NC_037348.1
PSMA4	+	30920003	30927853	PSMA4	NC_037348.1
FBXO22	+	31191110	31217105	FBXO22	NC_037348.1
LOC112443328	+	31217333	31217458	LOC112443328	NC_037348.1
TMEM266	+	31337034	31461071	TMEM266	NC_037348.1
ISL2	+	31584548	31590222	ISL2	NC_037348.1
LOC132343359	+	31594995	31596307	LOC132343359	NC_037348.1
RCN2	+	32049173	32067326	RCN2	NC_037348.1
PSTPIP1	+	32115832	32160462	PSTPIP1	NC_037348.1
HMG20A	+	32554937	32632019	HMG20A	NC_037348.1
LOC132342135	+	32908598	32976500	LOC132342135	NC_037348.1
LOC112443147	+	33005099	33009752	LOC112443147	NC_037348.1
CSPG4	+	33182725	33218500	CSPG4	NC_037348.1
IMP3	+	33254420	33255497	IMP3	NC_037348.1
SNUPN	+	33272689	33291572	SNUPN	NC_037348.1
PTPN9	+	33305768	33375889	PTPN9	NC_037348.1
SIN3A	+	33384113	33451476	SIN3A	NC_037348.1
MIR631	+	33466498	33466572	MIR631	NC_037348.1
RPP25	+	33751136	33758827	RPP25	NC_037348.1
COX5A	+	33765160	33776139	COX5A	NC_037348.1
FAM219B	+	33790090	33796017	FAM219B	NC_037348.1
SCAMP2	+	33814278	33839754	SCAMP2	NC_037348.1
LOC101903178	+	33915934	33922373	LOC101903178	NC_037348.1
CYP1A1	+	33949148	33955228	CYP1A1	NC_037348.1
EDC3	+	33991598	34046897	EDC3	NC_037348.1
UBL7	+	34210027	34223394	UBL7	NC_037348.1
SEMA7A	+	34234871	34258815	SEMA7A	NC_037348.1
CYP11A1	+	34328585	34342887	CYP11A1	NC_037348.1
LOC112443152	+	34357136	34388541	LOC112443152	NC_037348.1
LOC104969321	+	34560039	34565636	LOC104969321	NC_037348.1
STOML1	+	34633167	34648683	STOML1	NC_037348.1
LOC100139881	+	34725736	34730649	LOC100139881	NC_037348.1
GZMB	+	34741243	34743324	GZMB	NC_037348.1
LOC505326	+	34750912	34752965	LOC505326	NC_037348.1
LOC104975377	+	35114507	35126975	LOC104975377	NC_037348.1
MIR2888-1	+	35742333	35742397	MIR2888-1	NC_037348.1
LOC112443154	+	35898712	35914656	LOC112443154	NC_037348.1
LOC132343366	+	39239744	39256771	LOC132343366	NC_037348.1
LOC101905308	+	39258838	39266052	LOC101905308	NC_037348.1
G2E3	+	41190591	41267485	G2E3	NC_037348.1
SCFD1	+	41268756	41381804	SCFD1	NC_037348.1
COCH	+	41526381	41540310	COCH	NC_037348.1
AP4S1	+	41649500	41697665	AP4S1	NC_037348.1
LOC132343411	+	41847963	41857804	LOC132343411	NC_037348.1
ARHGAP5	+	42505756	42585042	ARHGAP5	NC_037348.1
LOC112443354	+	42613765	42613871	LOC112443354	NC_037348.1
AKAP6	+	42714751	43215339	AKAP6	NC_037348.1
NPAS3	+	43329816	44288826	NPAS3	NC_037348.1
MIR6522	+	43392429	43392502	MIR6522	NC_037348.1
TRNAC-ACA-194	+	44889640	44889712	TRNAC-ACA	NC_037348.1
LOC112443159	+	44959092	44972610	LOC112443159	NC_037348.1
LOC112443343	+	44967957	44968121	LOC112443343	NC_037348.1
LOC132343370	+	44981523	44991671	LOC132343370	NC_037348.1
TRNAY-GUA-56	+	44984358	44984447	TRNAY-GUA	NC_037348.1
TRNAY-GUA-57	+	44990709	44990798	TRNAY-GUA	NC_037348.1
LOC112443344	+	44996108	44996271	LOC112443344	NC_037348.1
TRNAW-CCA-130	+	45014978	45015049	TRNAW-CCA	NC_037348.1
LOC132343371	+	45241816	45245247	LOC132343371	NC_037348.1
FAM177A1	+	45352820	45368988	FAM177A1	NC_037348.1
PRORP	+	45395472	45533989	PRORP	NC_037348.1
PSMA6	+	45533902	45572667	PSMA6	NC_037348.1
LOC132342138	+	45573998	45628744	LOC132342138	NC_037348.1
INSM2	+	45771940	45773604	INSM2	NC_037348.1
LOC101907132	+	45809446	45843213	LOC101907132	NC_037348.1
LOC112443358	+	45975266	45975372	LOC112443358	NC_037348.1
BRMS1L	+	46014259	46085416	BRMS1L	NC_037348.1
LOC101907487	+	46092511	46116484	LOC101907487	NC_037348.1
PAX9	+	46857072	46880425	PAX9	NC_037348.1
MIPOL1	+	47421190	47734138	MIPOL1	NC_037348.1
TTC6	+	47797366	47998906	TTC6	NC_037348.1
LOC540013	+	48347848	48380776	LOC540013	NC_037348.1
SSTR1	+	48348987	48353327	SSTR1	NC_037348.1
LOC101904185	+	49015419	49058407	LOC101904185	NC_037348.1
GEMIN2	+	49119077	49140945	GEMIN2	NC_037348.1
LOC104975415	+	49310042	49369209	LOC104975415	NC_037348.1
MIR2365	+	49839321	49839399	MIR2365	NC_037348.1
LOC100138454	+	50135699	50155788	LOC100138454	NC_037348.1
LOC132343310	+	50641432	50742433	LOC132343310	NC_037348.1
LOC112443348	+	51620343	51620482	LOC112443348	NC_037348.1
C21H14orf28	+	54673385	54684142	C21H14orf28	NC_037348.1
TRNAC-ACA-195	+	54694052	54694125	TRNAC-ACA	NC_037348.1
TOGARAM1	+	54727608	54806031	TOGARAM1	NC_037348.1
PRPF39	+	54809679	54844781	PRPF39	NC_037348.1
LOC112443335	+	54837325	54837410	LOC112443335	NC_037348.1
FANCM	+	54856776	54915450	FANCM	NC_037348.1
TUBGCP4	+	55122674	55164328	TUBGCP4	NC_037348.1
MAP1A	+	55255853	55276702	MAP1A	NC_037348.1
MIR2366	+	55264287	55264355	MIR2366	NC_037348.1
CKMT1A	+	55322255	55328398	CKMT1A	NC_037348.1
PDIA3	+	55370251	55392459	PDIA3	NC_037348.1
LOC112443359	+	55377029	55377135	LOC112443359	NC_037348.1
SERF2	+	55412617	55416413	SERF2	NC_037348.1
HYPK	+	55420598	55421853	HYPK	NC_037348.1
WDR76	+	55434660	55488823	WDR76	NC_037348.1
LOC505600	+	56294109	56296786	LOC505600	NC_037348.1
LOC112443161	+	56755658	56767705	LOC112443161	NC_037348.1
CPSF2	+	56809048	56845613	CPSF2	NC_037348.1
RIN3	+	57232338	57368371	RIN3	NC_037348.1
GOLGA5	+	57478876	57507651	GOLGA5	NC_037348.1
CHGA	+	57571750	57585041	CHGA	NC_037348.1
LOC112443371	+	57773995	57774100	LOC112443371	NC_037348.1
LOC104975431	+	57783926	57790484	LOC104975431	NC_037348.1
LYSET	+	57810720	57813380	LYSET	NC_037348.1
UBR7	+	57831036	57847915	UBR7	NC_037348.1
COX8C	+	57973162	57974504	COX8C	NC_037348.1
UNC79	+	58036110	58335936	UNC79	NC_037348.1
FAM181A	+	58512271	58525566	FAM181A	NC_037348.1
CCDC197	+	58579362	58617283	CCDC197	NC_037348.1
LOC514011	+	58680142	58694593	LOC514011	NC_037348.1
IFI27	+	58735561	58744457	IFI27	NC_037348.1
PPP4R4	+	58805127	58909279	PPP4R4	NC_037348.1
SERPINA4	+	59263921	59271721	SERPINA4	NC_037348.1
LOC101904984	+	59534267	59538606	LOC101904984	NC_037348.1
LOC112443357	+	59669039	59669145	LOC112443357	NC_037348.1
MIR2284A	+	59750531	59750604	MIR2284A	NC_037348.1
TRNAY-AUA-30	+	59754612	59754685	TRNAY-AUA	NC_037348.1
LOC112443218	+	60178435	60183129	LOC112443218	NC_037348.1
TRNAC-GCA-195	+	60386551	60386622	TRNAC-GCA	NC_037348.1
TCL1B	+	60516005	60519696	TCL1B	NC_037348.1
TUNAR	+	60730071	60784165	TUNAR	NC_037348.1
C21H14orf132	+	60891806	60938992	C21H14orf132	NC_037348.1
BDKRB2	+	61081614	61124571	BDKRB2	NC_037348.1
BDKRB1	+	61138956	61150401	BDKRB1	NC_037348.1
GSKIP	+	61248491	61271216	GSKIP	NC_037348.1
AK7	+	61274497	61342683	AK7	NC_037348.1
VRK1	+	61676138	61722289	VRK1	NC_037348.1
LOC132343382	+	61995540	62000853	LOC132343382	NC_037348.1
TRNAG-UCC-120	+	62459528	62459600	TRNAG-UCC	NC_037348.1
LOC112443222	+	63238634	63239549	LOC112443222	NC_037348.1
LOC132343383	+	63347925	63349436	LOC132343383	NC_037348.1
LOC132343314	+	63909658	63913691	LOC132343314	NC_037348.1
CCNK	+	64493334	64523335	CCNK	NC_037348.1
HHIPL1	+	64632174	64662702	HHIPL1	NC_037348.1
EML1	+	64703757	64908495	EML1	NC_037348.1
EVL	+	64941628	65089665	EVL	NC_037348.1
LOC112443341	+	65003590	65003751	LOC112443341	NC_037348.1
MIR342	+	65057646	65057739	MIR342	NC_037348.1
LOC132343389	+	65135165	65141912	LOC132343389	NC_037348.1
YY1	+	65168061	65193180	YY1	NC_037348.1
MIR12025	+	65169462	65169520	MIR12025	NC_037348.1
MIR345	+	65217711	65217801	MIR345	NC_037348.1
SLC25A47	+	65228286	65233524	SLC25A47	NC_037348.1
WDR25	+	65267401	65416851	WDR25	NC_037348.1
DLK1	+	65626341	65634498	DLK1	NC_037348.1
MEG3	+	65727804	65746033	MEG3	NC_037348.1
MIR493	+	65766680	65766768	MIR493	NC_037348.1
PEG11AS	+	65778617	65779534	PEG11AS	NC_037348.1
MIR433	+	65779593	65779716	MIR433	NC_037348.1
MIR127	+	65780691	65780785	MIR127	NC_037348.1
MEG8	+	65781984	65907506	MEG8	NC_037348.1
MIR432	+	65782181	65782270	MIR432	NC_037348.1
MIR136	+	65782365	65782456	MIR136	NC_037348.1
LOC132343390	+	65792026	65799813	LOC132343390	NC_037348.1
LOC112443334	+	65795004	65795080	LOC112443334	NC_037348.1
MIR370	+	65808184	65808258	MIR370	NC_037348.1
LOC112443311	+	65817559	65817628	LOC112443311	NC_037348.1
LOC112443321	+	65823511	65823581	LOC112443321	NC_037348.1
LOC112443302	+	65840467	65840541	LOC112443302	NC_037348.1
LOC112443301	+	65843427	65843500	LOC112443301	NC_037348.1
LOC112443303	+	65845523	65845595	LOC112443303	NC_037348.1
LOC112443316	+	65849257	65849330	LOC112443316	NC_037348.1
LOC112443291	+	65850165	65850238	LOC112443291	NC_037348.1
LOC112443298	+	65852465	65852537	LOC112443298	NC_037348.1
LOC112443289	+	65854131	65854205	LOC112443289	NC_037348.1
LOC112443293	+	65861410	65861483	LOC112443293	NC_037348.1
LOC112443297	+	65863035	65863107	LOC112443297	NC_037348.1
LOC112443286	+	65870133	65870204	LOC112443286	NC_037348.1
LOC112443307	+	65871386	65871457	LOC112443307	NC_037348.1
LOC112443287	+	65872945	65873019	LOC112443287	NC_037348.1
LOC112443315	+	65875622	65875693	LOC112443315	NC_037348.1
LOC112443323	+	65877099	65877168	LOC112443323	NC_037348.1
LOC112443290	+	65879852	65879926	LOC112443290	NC_037348.1
LOC112443309	+	65881716	65881787	LOC112443309	NC_037348.1
LOC112443308	+	65882861	65882932	LOC112443308	NC_037348.1
LOC112443314	+	65884675	65884747	LOC112443314	NC_037348.1
LOC112443295	+	65885932	65886005	LOC112443295	NC_037348.1
LOC112443319	+	65889214	65889285	LOC112443319	NC_037348.1
LOC112443300	+	65890438	65890509	LOC112443300	NC_037348.1
LOC112443304	+	65891272	65891346	LOC112443304	NC_037348.1
LOC112443333	+	65893201	65893346	LOC112443333	NC_037348.1
LOC112443324	+	65894209	65894282	LOC112443324	NC_037348.1
LOC132343391	+	65912023	65923876	LOC132343391	NC_037348.1
MIR379	+	65912508	65912593	MIR379	NC_037348.1
MIR411A	+	65913735	65913816	MIR411A	NC_037348.1
MIR299	+	65914207	65914269	MIR299	NC_037348.1
MIR411B	+	65915594	65915668	MIR411B	NC_037348.1
MIR1197	+	65915936	65916032	MIR1197	NC_037348.1
MIR323	+	65916105	65916190	MIR323	NC_037348.1
MIR758	+	65916403	65916490	MIR758	NC_037348.1
MIR329B	+	65917144	65917226	MIR329B	NC_037348.1
MIR1193	+	65920645	65920749	MIR1193	NC_037348.1
MIR543	+	65922464	65922543	MIR543	NC_037348.1
MIR495	+	65923874	65923954	MIR495	NC_037348.1
MIR376E	+	65928577	65928658	MIR376E	NC_037348.1
MIR376D	+	65929322	65929403	MIR376D	NC_037348.1
MIR654	+	65929475	65929555	MIR654	NC_037348.1
MIR376B	+	65929698	65929790	MIR376B	NC_037348.1
MIR376A	+	65930057	65930155	MIR376A	NC_037348.1
MIR3956	+	65932744	65932841	MIR3956	NC_037348.1
MIR381	+	65933708	65933782	MIR381	NC_037348.1
MIR487B	+	65934193	65934276	MIR487B	NC_037348.1
MIR544A	+	65937005	65937095	MIR544A	NC_037348.1
MIR655	+	65937962	65938058	MIR655	NC_037348.1
MIR411C	+	65940125	65940198	MIR411C	NC_037348.1
MIR487A	+	65940511	65940590	MIR487A	NC_037348.1
MIR382	+	65943525	65943600	MIR382	NC_037348.1
MIR134	+	65943904	65943976	MIR134	NC_037348.1
MIR154A	+	65948686	65948769	MIR154A	NC_037348.1
MIR154B	+	65949004	65949084	MIR154B	NC_037348.1
MIR496	+	65949516	65949616	MIR496	NC_037348.1
MIR377	+	65951137	65951205	MIR377	NC_037348.1
LOC132343392	+	65951143	65954201	LOC132343392	NC_037348.1
MIR541	+	65952991	65953074	MIR541	NC_037348.1
MIR3957	+	65953377	65953453	MIR3957	NC_037348.1
MIR409A	+	65953893	65953971	MIR409A	NC_037348.1
MIR412	+	65954035	65954124	MIR412	NC_037348.1
MIR410	+	65954512	65954592	MIR410	NC_037348.1
MIR323B	+	65955026	65955105	MIR323B	NC_037348.1
MIR656	+	65955335	65955413	MIR656	NC_037348.1
MEG9	+	65956121	65961059	MEG9	NC_037348.1
LOC101907771	+	66419759	66430621	LOC101907771	NC_037348.1
LOC132343393	+	66481756	66483475	LOC132343393	NC_037348.1
DIO3	+	66494396	66496497	DIO3	NC_037348.1
PPP2R5C	+	66678449	66817959	PPP2R5C	NC_037348.1
DYNC1H1	+	66850740	66911778	DYNC1H1	NC_037348.1
ZNF839	+	67115481	67138524	ZNF839	NC_037348.1
LOC112443352	+	67140873	67140989	LOC112443352	NC_037348.1
TECPR2	+	67147096	67248146	TECPR2	NC_037348.1
RCOR1	+	67320660	67438213	RCOR1	NC_037348.1
TRAF3	+	67486906	67603400	TRAF3	NC_037348.1
AMN	+	67610967	67621571	AMN	NC_037348.1
LBHD2	+	67746942	67752445	LBHD2	NC_037348.1
EXOC3L4	+	67757840	67772886	EXOC3L4	NC_037348.1
LOC615559	+	67790884	67800809	LOC615559	NC_037348.1
LOC132343397	+	67890877	67891402	LOC132343397	NC_037348.1
EIF5	+	67987919	67997279	EIF5	NC_037348.1
LOC112443329	+	67991310	67991435	LOC112443329	NC_037348.1
MARK3	+	68022402	68139718	MARK3	NC_037348.1
TRMT61A	+	68166375	68172831	TRMT61A	NC_037348.1
COA8	+	68196002	68222814	COA8	NC_037348.1
ZFYVE21	+	68318248	68328685	ZFYVE21	NC_037348.1
TDRD9	+	68471592	68581507	TDRD9	NC_037348.1
ASPG	+	68618065	68641438	ASPG	NC_037348.1
C21H14orf180	+	69058508	69068325	C21H14orf180	NC_037348.1
INF2	+	69166496	69195007	INF2	NC_037348.1
ADSS1	+	69197999	69217419	ADSS1	NC_037348.1
SIVA1	+	69222034	69226405	SIVA1	NC_037348.1
PLD4	+	69348995	69356043	PLD4	NC_037348.1
CLBA1	+	69403985	69409673	CLBA1	NC_037348.1
BTBD6	+	69574085	69576232	BTBD6	NC_037348.1
PACS2	+	69621624	69685525	PACS2	NC_037348.1
MTA1	+	69705884	69740445	MTA1	NC_037348.1
CRIP2	+	69743955	69748969	CRIP2	NC_037348.1
CRIP1	+	69755669	69757183	CRIP1	NC_037348.1
TEDC1	+	69760180	69775378	TEDC1	NC_037348.1
TMEM121	+	69770155	69784934	TMEM121	NC_037348.1
LOC112443523	+	217765	220861	LOC112443523	NC_037349.1
UBE2D4	+	341351	366638	UBE2D4	NC_037349.1
DBNL	+	376723	389375	DBNL	NC_037349.1
LOC107131643	+	392651	418072	LOC107131643	NC_037349.1
VOPP1	+	514636	694819	VOPP1	NC_037349.1
LOC112443455	+	862863	892832	LOC112443455	NC_037349.1
SEC61G	+	1459780	1466672	SEC61G	NC_037349.1
LOC107131648	+	1498664	1536392	LOC107131648	NC_037349.1
CMC1	+	2676403	2754968	CMC1	NC_037349.1
ZCWPW2	+	2793581	2947968	ZCWPW2	NC_037349.1
LOC104975475	+	3425052	3433107	LOC104975475	NC_037349.1
RBMS3	+	3856257	4658567	RBMS3	NC_037349.1
MIR11990	+	4221469	4221527	MIR11990	NC_037349.1
TGFBR2	+	5091580	5183754	TGFBR2	NC_037349.1
LOC107131647	+	6005989	6008775	LOC107131647	NC_037349.1
STT3B	+	6035617	6138661	STT3B	NC_037349.1
LOC132343476	+	6216182	6222648	LOC132343476	NC_037349.1
CMTM8	+	6716362	6819511	CMTM8	NC_037349.1
CMTM7	+	6821833	6946658	CMTM7	NC_037349.1
TRNAG-UCC-121	+	6837896	6837968	TRNAG-UCC	NC_037349.1
CNOT10	+	7113428	7171782	CNOT10	NC_037349.1
LOC100847917	+	7287290	7303150	LOC100847917	NC_037349.1
CCR4	+	7306309	7315561	CCR4	NC_037349.1
LOC132343477	+	7350555	7361264	LOC132343477	NC_037349.1
LOC789829	+	7451943	7453734	LOC789829	NC_037349.1
LOC132343478	+	7660153	7667093	LOC132343478	NC_037349.1
LOC112443543	+	7703317	7703420	LOC112443543	NC_037349.1
LOC132343479	+	7712734	7723434	LOC132343479	NC_037349.1
PDCD6IP	+	8019119	8090892	PDCD6IP	NC_037349.1
LOC132343480	+	8577319	8619584	LOC132343480	NC_037349.1
LOC132343463	+	8888152	9051429	LOC132343463	NC_037349.1
TRNAG-UCC-123	+	9448261	9448333	TRNAG-UCC	NC_037349.1
ARPP21	+	9594515	9758472	ARPP21	NC_037349.1
MIR128-2	+	9705215	9705298	MIR128-2	NC_037349.1
STAC	+	9887461	10240906	STAC	NC_037349.1
LOC112443547	+	10088997	10089102	LOC112443547	NC_037349.1
LRRFIP2	+	10347060	10455995	LRRFIP2	NC_037349.1
EPM2AIP1	+	10551249	10559007	EPM2AIP1	NC_037349.1
TRANK1	+	10589484	10687871	TRANK1	NC_037349.1
DCLK3	+	10709859	10752270	DCLK3	NC_037349.1
GOLGA4	+	10775866	10906198	GOLGA4	NC_037349.1
ITGA9	+	10908405	11270100	ITGA9	NC_037349.1
CTDSPL	+	11308925	11430280	CTDSPL	NC_037349.1
MIR2367	+	11368925	11369003	MIR2367	NC_037349.1
VILL	+	11434095	11459431	VILL	NC_037349.1
DLEC1	+	11491702	11582267	DLEC1	NC_037349.1
MYD88	+	11609559	11613790	MYD88	NC_037349.1
OXSR1	+	11636827	11723487	OXSR1	NC_037349.1
SLC22A13	+	11726378	11736486	SLC22A13	NC_037349.1
SLC22A14	+	11738100	11763953	SLC22A14	NC_037349.1
XYLB	+	11776995	11823050	XYLB	NC_037349.1
ACVR2B	+	11825975	11855764	ACVR2B	NC_037349.1
WDR48	+	12377233	12429959	WDR48	NC_037349.1
TTC21A	+	12441396	12476734	TTC21A	NC_037349.1
CCR8	+	12492456	12636475	CCR8	NC_037349.1
SLC25A38	+	12645773	12660777	SLC25A38	NC_037349.1
LOC515736	+	12662993	12682155	LOC515736	NC_037349.1
LOC112443558	+	12686788	12686938	LOC112443558	NC_037349.1
LOC112443559	+	12696286	12696434	LOC112443559	NC_037349.1
EIF1B	+	13170212	13172678	EIF1B	NC_037349.1
RPL14	+	13292699	13296109	RPL14	NC_037349.1
ZNF619	+	13299865	13319622	ZNF619	NC_037349.1
LOC132343483	+	13333958	13388261	LOC132343483	NC_037349.1
LOC132343484	+	13772742	13781379	LOC132343484	NC_037349.1
TRAK1	+	14401379	14556730	TRAK1	NC_037349.1
SS18L2	+	14730423	14734537	SS18L2	NC_037349.1
NKTR	+	14740547	14794100	NKTR	NC_037349.1
ZBTB47	+	14799785	14812890	ZBTB47	NC_037349.1
ACKR2	+	14845957	14933266	ACKR2	NC_037349.1
LOC112443512	+	14934734	14946530	LOC112443512	NC_037349.1
TRNAG-CCC-192	+	14966852	14966924	TRNAG-CCC	NC_037349.1
POMGNT2	+	15060264	15080382	POMGNT2	NC_037349.1
LOC104975505	+	15105311	15130144	LOC104975505	NC_037349.1
SNRK	+	15232674	15316399	SNRK	NC_037349.1
MIR2368	+	15254430	15254510	MIR2368	NC_037349.1
ABHD5	+	15584972	15646850	ABHD5	NC_037349.1
LOC132343486	+	15875167	16018907	LOC132343486	NC_037349.1
MIR138-1	+	16003758	16003854	MIR138-1	NC_037349.1
TOPAZ1	+	16209215	16270034	TOPAZ1	NC_037349.1
LOC112443513	+	16316420	16320627	LOC112443513	NC_037349.1
ZKSCAN7	+	16387927	16400710	ZKSCAN7	NC_037349.1
ZNF660	+	16406197	16421204	ZNF660	NC_037349.1
ZNF197	+	16427629	16445197	ZNF197	NC_037349.1
ZNF35	+	16448678	16461744	ZNF35	NC_037349.1
ZNF502	+	16468574	16478229	ZNF502	NC_037349.1
KIF15	+	16507927	16565187	KIF15	NC_037349.1
LOC101906342	+	16628597	16631760	LOC101906342	NC_037349.1
EMC3	+	16789209	16803772	EMC3	NC_037349.1
PRRT3	+	16812938	16819775	PRRT3	NC_037349.1
CIDEC	+	16864384	16873816	CIDEC	NC_037349.1
TADA3	+	16912983	16933845	TADA3	NC_037349.1
CAMK1	+	16946739	16957323	CAMK1	NC_037349.1
LHFPL4	+	17087253	17118687	LHFPL4	NC_037349.1
TRNAE-UUC-112	+	17108569	17108641	TRNAE-UUC	NC_037349.1
SRGAP3	+	17327402	17573735	SRGAP3	NC_037349.1
OXTR	+	17776079	17832707	OXTR	NC_037349.1
SSUH2	+	17832362	17875124	SSUH2	NC_037349.1
LOC112443504	+	17952551	18682758	LOC112443504	NC_037349.1
LOC104975516	+	18738912	18750459	LOC104975516	NC_037349.1
LOC112443533	+	20751833	20751939	LOC112443533	NC_037349.1
LOC101907920	+	21336622	21396628	LOC101907920	NC_037349.1
LOC132343490	+	21492324	21533594	LOC132343490	NC_037349.1
LOC132343491	+	22426410	22469453	LOC132343491	NC_037349.1
LOC107131666	+	22630380	22640921	LOC107131666	NC_037349.1
LOC132343493	+	22641023	22656717	LOC132343493	NC_037349.1
LOC112443450	+	22738562	23046890	LOC112443450	NC_037349.1
CRBN	+	23125513	23147297	CRBN	NC_037349.1
IL5RA	+	23200510	23243007	IL5RA	NC_037349.1
LOC112443518	+	24311376	24319214	LOC112443518	NC_037349.1
TRNAC-GCA-197	+	25254267	25254338	TRNAC-GCA	NC_037349.1
CNTN3	+	27019054	27418487	CNTN3	NC_037349.1
PDZRN3	+	28118240	28387533	PDZRN3	NC_037349.1
LOC132343495	+	29107074	29182969	LOC132343495	NC_037349.1
RYBP	+	29206312	29279856	RYBP	NC_037349.1
LOC112443456	+	29309032	29321693	LOC112443456	NC_037349.1
LOC112443494	+	29445406	29480241	LOC112443494	NC_037349.1
PROK2	+	29859669	29887673	PROK2	NC_037349.1
EIF4E3	+	29921561	30036577	EIF4E3	NC_037349.1
FOXP1	+	30062278	30690217	FOXP1	NC_037349.1
MIR1284	+	30102728	30102845	MIR1284	NC_037349.1
LOC112443538	+	30977859	30977965	LOC112443538	NC_037349.1
MDFIC2	+	31285215	31402325	MDFIC2	NC_037349.1
TRNAS-GGA-101	+	31638090	31638162	TRNAS-GGA	NC_037349.1
FRMD4B	+	32023038	32381777	FRMD4B	NC_037349.1
LMOD3	+	32417325	32433835	LMOD3	NC_037349.1
UBA3	+	32466757	32492358	UBA3	NC_037349.1
TMF1	+	32494168	32525378	TMF1	NC_037349.1
TAFA4	+	32582455	32790689	TAFA4	NC_037349.1
LOC112443532	+	33012272	33012378	LOC112443532	NC_037349.1
LOC132343498	+	33471171	33527199	LOC132343498	NC_037349.1
LOC132343499	+	33859814	33917540	LOC132343499	NC_037349.1
LOC132343500	+	34315213	34472229	LOC132343500	NC_037349.1
TRNAC-GCA-198	+	34825708	34825780	TRNAC-GCA	NC_037349.1
LOC132343467	+	35220335	35220734	LOC132343467	NC_037349.1
MAGI1	+	35378877	36023063	MAGI1	NC_037349.1
MIR584-4	+	35566748	35566823	MIR584-4	NC_037349.1
LOC112443468	+	36132559	36136463	LOC112443468	NC_037349.1
ADAMTS9	+	36760280	36923586	ADAMTS9	NC_037349.1
PSMD6	+	37420698	37439310	PSMD6	NC_037349.1
THOC7	+	37601072	37619864	THOC7	NC_037349.1
FEZF2	+	38926794	38931477	FEZF2	NC_037349.1
LOC112443454	+	39935507	40023736	LOC112443454	NC_037349.1
FHIT	+	40107030	41631056	FHIT	NC_037349.1
LOC132343505	+	41083603	41114212	LOC132343505	NC_037349.1
LOC112443500	+	41872393	41875295	LOC112443500	NC_037349.1
CFAP20DC	+	42346392	42616717	CFAP20DC	NC_037349.1
FAM3D	+	42679361	42717014	FAM3D	NC_037349.1
PDHB	+	42918475	42923888	PDHB	NC_037349.1
LOC112443550	+	43038863	43038970	LOC112443550	NC_037349.1
TRNAG-CCC-195	+	43128689	43128761	TRNAG-CCC	NC_037349.1
DNAH12	+	43640030	43831455	DNAH12	NC_037349.1
TRNAC-ACA-196	+	43751074	43751145	TRNAC-ACA	NC_037349.1
ASB14	+	43831544	43862751	ASB14	NC_037349.1
IL17RD	+	43940257	44008679	IL17RD	NC_037349.1
TASOR	+	44352958	44404519	TASOR	NC_037349.1
MIR2371	+	44529457	44529528	MIR2371	NC_037349.1
WNT5A	+	45540765	45559683	WNT5A	NC_037349.1
LRTM1	+	46056294	46062840	LRTM1	NC_037349.1
ACTR8	+	47032989	47048300	ACTR8	NC_037349.1
CHDH	+	47066503	47158681	CHDH	NC_037349.1
TRNAH-GUG-30	+	47277720	47277791	TRNAH-GUG	NC_037349.1
DCP1A	+	47646509	47690571	DCP1A	NC_037349.1
TRNAG-UCC-124	+	47789747	47789819	TRNAG-UCC	NC_037349.1
RFT1	+	47812876	47861213	RFT1	NC_037349.1
SFMBT1	+	47876935	47997833	SFMBT1	NC_037349.1
STIMATE	+	48000245	48051431	STIMATE	NC_037349.1
MUSTN1	+	48056089	48057236	MUSTN1	NC_037349.1
ITIH4	+	48059589	48074580	ITIH4	NC_037349.1
NEK4	+	48124632	48152516	NEK4	NC_037349.1
GLT8D1	+	48155514	48169414	GLT8D1	NC_037349.1
PBRM1	+	48176080	48283003	PBRM1	NC_037349.1
TNNC1	+	48434858	48437752	TNNC1	NC_037349.1
BAP1	+	48479278	48487703	BAP1	NC_037349.1
MIR135A-1	+	48588901	48588990	MIR135A-1	NC_037349.1
WDR82	+	48629513	48648119	WDR82	NC_037349.1
MIRLET7G	+	48636407	48636489	MIRLET7G	NC_037349.1
TWF2	+	48665271	48674428	TWF2	NC_037349.1
TLR9	+	48676670	48680933	TLR9	NC_037349.1
POC1A	+	48729585	48806597	POC1A	NC_037349.1
DUSP7	+	48825120	48832346	DUSP7	NC_037349.1
LOC132343515	+	48906680	48916664	LOC132343515	NC_037349.1
RPL29	+	48945147	48947322	RPL29	NC_037349.1
PCBP4	+	48966861	48976851	PCBP4	NC_037349.1
RRP9	+	48990299	48998195	RRP9	NC_037349.1
IQCF1	+	49003339	49006037	IQCF1	NC_037349.1
IQCF5	+	49011889	49013784	IQCF5	NC_037349.1
IQCF6	+	49074567	49075604	IQCF6	NC_037349.1
LOC101906101	+	49105315	49106666	LOC101906101	NC_037349.1
DCAF1	+	49277349	49371095	DCAF1	NC_037349.1
LOC112443475	+	49383901	49385824	LOC112443475	NC_037349.1
CISH	+	49750073	49755491	CISH	NC_037349.1
NPRL2	+	49997734	50001018	NPRL2	NC_037349.1
ZMYND10	+	50002478	50006749	ZMYND10	NC_037349.1
TUSC2	+	50016750	50019637	TUSC2	NC_037349.1
HYAL2	+	50018150	50026835	HYAL2	NC_037349.1
HYAL1	+	50029843	50032902	HYAL1	NC_037349.1
NAA80	+	50033670	50036550	NAA80	NC_037349.1
IFRD2	+	50039823	50066774	IFRD2	NC_037349.1
TRNAE-UUC-114	+	50125740	50125811	TRNAE-UUC	NC_037349.1
LOC112443549	+	50244428	50244533	LOC112443549	NC_037349.1
LOC112443477	+	50335647	50337312	LOC112443477	NC_037349.1
MON1A	+	50341811	50352880	MON1A	NC_037349.1
MST1R	+	50356905	50370270	MST1R	NC_037349.1
CAMKV	+	50386313	50397874	CAMKV	NC_037349.1
TRAIP	+	50399202	50417063	TRAIP	NC_037349.1
UBA7	+	50421018	50430082	UBA7	NC_037349.1
CDHR4	+	50432071	50441838	CDHR4	NC_037349.1
IP6K1	+	50443803	50481291	IP6K1	NC_037349.1
GMPPB	+	50481628	50488262	GMPPB	NC_037349.1
AMIGO3	+	50485830	50488262	AMIGO3	NC_037349.1
MST1	+	50509855	50514784	MST1	NC_037349.1
AMT	+	50693282	50697608	AMT	NC_037349.1
USP4	+	50762737	50802443	USP4	NC_037349.1
C22H3orf62	+	50802751	50812121	C22H3orf62	NC_037349.1
C22H3orf84	+	50846267	50854260	C22H3orf84	NC_037349.1
LOC530599	+	50867005	50878841	LOC530599	NC_037349.1
LOC107131695	+	50879073	50883494	LOC107131695	NC_037349.1
LAMB2	+	50883620	50897890	LAMB2	NC_037349.1
USP19	+	50898101	50909474	USP19	NC_037349.1
QRICH1	+	50920367	50962570	QRICH1	NC_037349.1
IMPDH2	+	50962800	50968625	IMPDH2	NC_037349.1
MIR191	+	50970980	50971070	MIR191	NC_037349.1
MIR425	+	50971462	50971548	MIR425	NC_037349.1
DALRD3	+	50972629	50975589	DALRD3	NC_037349.1
TRNAG-UCC-125	+	51027150	51027222	TRNAG-UCC	NC_037349.1
SLC25A20	+	51045061	51080117	SLC25A20	NC_037349.1
LOC786363	+	51114176	51115756	LOC786363	NC_037349.1
IP6K2	+	51175640	51199442	IP6K2	NC_037349.1
NCKIPSD	+	51201248	51213762	NCKIPSD	NC_037349.1
SLC26A6	+	51249149	51259940	SLC26A6	NC_037349.1
UQCRC1	+	51275060	51283828	UQCRC1	NC_037349.1
COL7A1	+	51287420	51317719	COL7A1	NC_037349.1
UCN2	+	51317807	51319310	UCN2	NC_037349.1
PFKFB4	+	51321978	51363427	PFKFB4	NC_037349.1
SHISA5	+	51365607	51399152	SHISA5	NC_037349.1
CCDC51	+	51423606	51432980	CCDC51	NC_037349.1
PLXNB1	+	51435344	51464095	PLXNB1	NC_037349.1
SPINK8	+	51538597	51553581	SPINK8	NC_037349.1
CDC25A	+	51694183	51717133	CDC25A	NC_037349.1
MAP4	+	51758312	51909952	MAP4	NC_037349.1
LOC112443482	+	51939146	51954251	LOC112443482	NC_037349.1
SMARCC1	+	51958003	52083022	SMARCC1	NC_037349.1
CSPG5	+	52089691	52102057	CSPG5	NC_037349.1
ELP6	+	52133185	52152136	ELP6	NC_037349.1
SCAP	+	52163455	52263264	SCAP	NC_037349.1
LOC132343519	+	52283200	52288877	LOC132343519	NC_037349.1
TRNAW-CCA-132	+	52287265	52287337	TRNAW-CCA	NC_037349.1
NGP	+	52297878	52301949	NGP	NC_037349.1
SETD2	+	52426667	52509710	SETD2	NC_037349.1
CCDC12	+	52548392	52587277	CCDC12	NC_037349.1
PRSS42	+	52655455	52677982	PRSS42	NC_037349.1
LOC788394	+	52715176	52719515	LOC788394	NC_037349.1
LOC517392	+	52721412	52726347	LOC517392	NC_037349.1
PRSS46P	+	52749524	52772097	PRSS46P	NC_037349.1
ALS2CL	+	52793614	52815791	ALS2CL	NC_037349.1
LRRC2	+	52883822	52931584	LRRC2	NC_037349.1
LOC529196	+	53070496	53206003	LOC529196	NC_037349.1
CCR1	+	53225174	53231226	CCR1	NC_037349.1
FYCO1	+	53300978	53404328	FYCO1	NC_037349.1
LZTFL1	+	53471326	53489395	LZTFL1	NC_037349.1
SLC6A20	+	53510219	53569209	SLC6A20	NC_037349.1
TRNAR-ACG-20	+	53626359	53626431	TRNAR-ACG	NC_037349.1
LOC101907967	+	53966773	53971125	LOC101907967	NC_037349.1
TMEM158	+	54003481	54005098	TMEM158	NC_037349.1
LOC104975592	+	54049377	54055888	LOC104975592	NC_037349.1
LOC104975593	+	54062721	54063102	LOC104975593	NC_037349.1
CDCP1	+	54085636	54188916	CDCP1	NC_037349.1
ZDHHC3	+	54204473	54264043	ZDHHC3	NC_037349.1
LOC132343524	+	54289596	54302282	LOC132343524	NC_037349.1
TRNAK-UUU-36	+	54416537	54416609	TRNAK-UUU	NC_037349.1
LOC132343523	+	54596177	54600229	LOC132343523	NC_037349.1
SLC6A11	+	54859524	54984793	SLC6A11	NC_037349.1
SLC6A1	+	55035897	55075940	SLC6A1	NC_037349.1
ATG7	+	55304487	55578588	ATG7	NC_037349.1
LOC132343526	+	55586929	55598829	LOC132343526	NC_037349.1
TMCC1	+	55948102	56103962	TMCC1	NC_037349.1
MIR11994	+	56110831	56110892	MIR11994	NC_037349.1
EFCAB12	+	56323152	56343357	EFCAB12	NC_037349.1
RPL32	+	56344651	56348417	RPL32	NC_037349.1
LOC112443561	+	56345305	56345444	LOC112443561	NC_037349.1
LOC104975605	+	56377472	56380704	LOC104975605	NC_037349.1
TMEM40	+	56388071	56420644	TMEM40	NC_037349.1
RAF1	+	56467496	56543344	RAF1	NC_037349.1
MKRN2OS	+	56594091	56600798	MKRN2OS	NC_037349.1
TIMP4	+	56946000	56952875	TIMP4	NC_037349.1
LOC112443501	+	57138644	57182190	LOC112443501	NC_037349.1
RBSN	+	57145900	57203346	RBSN	NC_037349.1
MRPS25	+	57208595	57253576	MRPS25	NC_037349.1
GRIP2	+	57664996	57768873	GRIP2	NC_037349.1
MIR2888-2	+	57733489	57733556	MIR2888-2	NC_037349.1
LOC101907298	+	57862625	57880243	LOC101907298	NC_037349.1
XPC	+	58040272	58063241	XPC	NC_037349.1
CHCHD4	+	58085512	58092162	CHCHD4	NC_037349.1
LOC112443506	+	58119839	58120891	LOC112443506	NC_037349.1
WNT7A	+	58146967	58210814	WNT7A	NC_037349.1
LOC112443509	+	59064192	59070921	LOC112443509	NC_037349.1
COPG1	+	59131640	59149255	COPG1	NC_037349.1
HMCES	+	59150391	59165188	HMCES	NC_037349.1
MIR2374	+	59150586	59150662	MIR2374	NC_037349.1
RPN1	+	59282337	59296073	RPN1	NC_037349.1
GATA2	+	59347411	59355012	GATA2	NC_037349.1
RUVBL1	+	59509018	59540338	RUVBL1	NC_037349.1
TPRA1	+	59920695	59929765	TPRA1	NC_037349.1
LOC101905309	+	60019951	60032040	LOC101905309	NC_037349.1
LOC132343533	+	60115127	60117101	LOC132343533	NC_037349.1
LOC132343534	+	60257047	60258198	LOC132343534	NC_037349.1
UROC1	+	60462733	60491083	UROC1	NC_037349.1
ZXDC	+	60496738	60519247	ZXDC	NC_037349.1
KLF15	+	60612159	60624630	KLF15	NC_037349.1
CFAP100	+	60650677	60702690	CFAP100	NC_037349.1
LOC132343589	+	563017	563303	LOC132343589	NC_037350.1
TRNAC-ACA-199	+	2587075	2587146	TRNAC-ACA	NC_037350.1
LOC112443931	+	2592942	2593048	LOC112443931	NC_037350.1
LOC132343591	+	2689564	2711803	LOC132343591	NC_037350.1
RAB23	+	3013063	3040566	RAB23	NC_037350.1
DST	+	3253269	3767791	DST	NC_037350.1
MIR2375	+	3280212	3280285	MIR2375	NC_037350.1
BMP5	+	4470532	4614743	BMP5	NC_037350.1
HMGCLL1	+	4789437	4989143	HMGCLL1	NC_037350.1
LOC112443932	+	6129347	6129450	LOC112443932	NC_037350.1
KLHL31	+	6831320	6845419	KLHL31	NC_037350.1
BOLA-DYA	+	7072088	7077975	BOLA-DYA	NC_037350.1
LOC132343596	+	7169290	7172486	LOC132343596	NC_037350.1
PSMB9	+	7186453	7193346	PSMB9	NC_037350.1
H2B	+	7210555	7210935	H2B	NC_037350.1
LOC132343598	+	7371769	7373564	LOC132343598	NC_037350.1
SLC39A7	+	7386961	7391458	SLC39A7	NC_037350.1
HSD17B8	+	7391656	7393772	HSD17B8	NC_037350.1
RING1	+	7395562	7399419	RING1	NC_037350.1
RPS18	+	7446388	7451048	RPS18	NC_037350.1
PFDN6	+	7463508	7464809	PFDN6	NC_037350.1
KIFC1	+	7570573	7585473	KIFC1	NC_037350.1
PHF1	+	7586183	7591947	PHF1	NC_037350.1
SYNGAP1	+	7594069	7625618	SYNGAP1	NC_037350.1
ZBTB9	+	7626590	7629414	ZBTB9	NC_037350.1
ITPR3	+	7745549	7813182	ITPR3	NC_037350.1
LOC101905527	+	7877312	7891565	LOC101905527	NC_037350.1
LOC112443824	+	8033500	8046601	LOC112443824	NC_037350.1
HMGA1	+	8313843	8322723	HMGA1	NC_037350.1
TRNAG-UCC-126	+	8507334	8507406	TRNAG-UCC	NC_037350.1
PACSIN1	+	8523678	8588640	PACSIN1	NC_037350.1
BLTP3A	+	8810015	8887036	BLTP3A	NC_037350.1
SCUBE3	+	9192524	9228799	SCUBE3	NC_037350.1
ZNF76	+	9239745	9269827	ZNF76	NC_037350.1
DEF6	+	9271537	9298623	DEF6	NC_037350.1
RPL10A	+	9426025	9428500	RPL10A	NC_037350.1
ARMC12	+	9704672	9728635	ARMC12	NC_037350.1
CLPSL2	+	9746287	9749086	CLPSL2	NC_037350.1
CLPSL1	+	9749358	9756631	CLPSL1	NC_037350.1
LHFPL5	+	9767224	9783138	LHFPL5	NC_037350.1
LOC786783	+	9816472	9817469	LOC786783	NC_037350.1
MAPK14	+	9970264	10045594	MAPK14	NC_037350.1
MAPK13	+	10058659	10067019	MAPK13	NC_037350.1
BRPF3	+	10118352	10154267	BRPF3	NC_037350.1
LOC112443778	+	10313493	10353835	LOC112443778	NC_037350.1
KCTD20	+	10377039	10413109	KCTD20	NC_037350.1
LOC132343600	+	10439140	10441346	LOC132343600	NC_037350.1
SRSF3	+	10502817	10509294	SRSF3	NC_037350.1
LOC104975643	+	10590678	10598867	LOC104975643	NC_037350.1
RAB44	+	10605082	10644083	RAB44	NC_037350.1
C23H6orf89	+	10795494	10835853	C23H6orf89	NC_037350.1
PI16	+	10861191	10875379	PI16	NC_037350.1
FGD2	+	10916251	10942801	FGD2	NC_037350.1
PIM1	+	11066555	11071948	PIM1	NC_037350.1
TBC1D22B	+	11148625	11223026	TBC1D22B	NC_037350.1
RNF8	+	11245351	11282460	RNF8	NC_037350.1
CMTR1	+	11318812	11371568	CMTR1	NC_037350.1
LOC112443768	+	12472786	12494064	LOC112443768	NC_037350.1
DNAH8	+	12560570	12888873	DNAH8	NC_037350.1
LOC101904084	+	12766149	12766679	LOC101904084	NC_037350.1
GLP1R	+	12910588	12951618	GLP1R	NC_037350.1
LOC132343606	+	13130642	13147611	LOC132343606	NC_037350.1
DAAM2	+	13699616	13835612	DAAM2	NC_037350.1
LOC100847495	+	14286843	14288362	LOC100847495	NC_037350.1
LOC112443893	+	14318115	14318219	LOC112443893	NC_037350.1
LOC132343611	+	14343356	14345680	LOC132343611	NC_037350.1
TSPO2	+	14966430	14967857	TSPO2	NC_037350.1
NFYA	+	14998818	15022872	NFYA	NC_037350.1
LOC132343613	+	15212343	15216509	LOC132343613	NC_037350.1
LOC132343614	+	15233493	15238935	LOC132343614	NC_037350.1
LOC132343615	+	15267961	15268908	LOC132343615	NC_037350.1
FOXP4	+	15366557	15417429	FOXP4	NC_037350.1
MDFI	+	15457656	15474727	MDFI	NC_037350.1
LOC132343617	+	15504267	15512125	LOC132343617	NC_037350.1
PRICKLE4	+	15593818	15600449	PRICKLE4	NC_037350.1
TOMM6	+	15600540	15601892	TOMM6	NC_037350.1
TRNAW-CCA-133	+	15868125	15868197	TRNAW-CCA	NC_037350.1
UBR2	+	16255437	16367802	UBR2	NC_037350.1
MIR12009	+	16407233	16407292	MIR12009	NC_037350.1
RPL7L1	+	16513241	16519583	RPL7L1	NC_037350.1
CNPY3	+	16555474	16563859	CNPY3	NC_037350.1
GNMT	+	16571898	16575330	GNMT	NC_037350.1
PPP2R5D	+	16629759	16653065	PPP2R5D	NC_037350.1
KLHDC3	+	16655058	16661311	KLHDC3	NC_037350.1
RRP36	+	16661624	16665997	RRP36	NC_037350.1
KLC4	+	16688285	16702484	KLC4	NC_037350.1
SRF	+	16775130	16782650	SRF	NC_037350.1
TTBK1	+	16847025	16889376	TTBK1	NC_037350.1
SLC22A7	+	16893160	16899655	SLC22A7	NC_037350.1
ABCC10	+	16988609	17008971	ABCC10	NC_037350.1
POLH	+	17114531	17143659	POLH	NC_037350.1
MAD2L1BP	+	17158106	17163399	MAD2L1BP	NC_037350.1
RSPH9	+	17164797	17177979	RSPH9	NC_037350.1
VEGFA	+	17281915	17297193	VEGFA	NC_037350.1
LOC132343621	+	17590529	17593155	LOC132343621	NC_037350.1
TMEM63B	+	17657823	17683154	TMEM63B	NC_037350.1
CAPN11	+	17687157	17705325	CAPN11	NC_037350.1
TMEM151B	+	17776596	17783649	TMEM151B	NC_037350.1
SPATS1	+	17833477	17862477	SPATS1	NC_037350.1
CDC5L	+	17867251	17907725	CDC5L	NC_037350.1
TRNAG-UCC-128	+	18040013	18040085	TRNAG-UCC	NC_037350.1
RUNX2	+	18593806	18945540	RUNX2	NC_037350.1
LOC132343580	+	19101310	19102632	LOC132343580	NC_037350.1
ENPP4	+	19386642	19401598	ENPP4	NC_037350.1
LOC112443884	+	19841189	19841295	LOC112443884	NC_037350.1
SLC25A27	+	19878544	19905207	SLC25A27	NC_037350.1
ANKRD66	+	19970250	19984881	ANKRD66	NC_037350.1
MEP1A	+	20023372	20050500	MEP1A	NC_037350.1
LOC132343624	+	20102295	20108313	LOC132343624	NC_037350.1
LOC100296156	+	20390588	20391679	LOC100296156	NC_037350.1
CD2AP	+	20603046	20689497	CD2AP	NC_037350.1
ADGRF2	+	20706461	20742227	ADGRF2	NC_037350.1
OPN5	+	20807288	20839674	OPN5	NC_037350.1
OR5M10C	+	21696944	21698138	OR5M10C	NC_037350.1
LOC781635	+	21784230	21795356	LOC781635	NC_037350.1
CENPQ	+	22263091	22280744	CENPQ	NC_037350.1
GLYATL3	+	22294633	22308391	GLYATL3	NC_037350.1
C23H6orf141	+	22323151	22327859	C23H6orf141	NC_037350.1
LOC132343581	+	22589306	22603667	LOC132343581	NC_037350.1
TFAP2D	+	23277603	23337345	TFAP2D	NC_037350.1
TRNAY-AUA-31	+	23514821	23514892	TRNAY-AUA	NC_037350.1
LOC132343628	+	24189980	24197776	LOC132343628	NC_037350.1
LOC132343629	+	24559285	24573333	LOC132343629	NC_037350.1
MIR133B	+	24571304	24571387	MIR133B	NC_037350.1
PAQR8	+	24822987	24826624	PAQR8	NC_037350.1
EFHC1	+	24843146	24882880	EFHC1	NC_037350.1
LOC112443711	+	24977307	24978395	LOC112443711	NC_037350.1
LOC112443730	+	25150204	25182188	LOC112443730	NC_037350.1
FBXO9	+	25275775	25297265	FBXO9	NC_037350.1
BOLA-DQB	+	25607507	25620857	BOLA-DQB	NC_037350.1
BOLA-DQB1	+	25672687	25680507	BOLA-DQB1	NC_037350.1
BOLA-DRB3	+	25723717	25734819	BOLA-DRB3	NC_037350.1
BOLA-DRB2	+	25795792	25828806	BOLA-DRB2	NC_037350.1
BTNL2	+	25858354	25883555	BTNL2	NC_037350.1
LOC504295	+	25899578	25907368	LOC504295	NC_037350.1
LOC783151	+	25921895	25975378	LOC783151	NC_037350.1
LOC107131258	+	26219575	26329122	LOC107131258	NC_037350.1
LOC132343631	+	26419124	26424756	LOC132343631	NC_037350.1
LOC104972343	+	26425865	26608236	LOC104972343	NC_037350.1
LOC112443756	+	26611409	26686625	LOC112443756	NC_037350.1
LOC100847986	+	26818110	26890434	LOC100847986	NC_037350.1
TSBP1	+	26924284	27095000	TSBP1	NC_037350.1
NOTCH4	+	27171379	27196526	NOTCH4	NC_037350.1
PBX2	+	27197849	27205663	PBX2	NC_037350.1
AGER	+	27205663	27209270	AGER	NC_037350.1
FKBPL	+	27252845	27254427	FKBPL	NC_037350.1
TNXB	+	27270722	27327025	TNXB	NC_037350.1
DXO	+	27396889	27399192	DXO	NC_037350.1
NELFE	+	27409462	27415204	NELFE	NC_037350.1
ZBTB12	+	27461724	27465860	ZBTB12	NC_037350.1
SLC44A4	+	27480850	27494226	SLC44A4	NC_037350.1
NEU1	+	27494530	27498491	NEU1	NC_037350.1
LSM2	+	27528402	27533360	LSM2	NC_037350.1
VARS1	+	27533360	27546153	VARS1	NC_037350.1
VWA7	+	27546366	27555824	VWA7	NC_037350.1
CLIC1	+	27575645	27581237	CLIC1	NC_037350.1
DDAH2	+	27581609	27585129	DDAH2	NC_037350.1
LY6G6C	+	27589914	27592589	LY6G6C	NC_037350.1
LY6G6E	+	27596707	27598654	LY6G6E	NC_037350.1
ABHD16A	+	27599314	27618023	ABHD16A	NC_037350.1
LOC132343673	+	27619413	27621021	LOC132343673	NC_037350.1
LY6G5C	+	27622863	27625505	LY6G5C	NC_037350.1
GPANK1	+	27634059	27637417	GPANK1	NC_037350.1
C23H6orf47	+	27639809	27641451	C23H6orf47	NC_037350.1
BAG6	+	27643796	27657003	BAG6	NC_037350.1
NCR3	+	27673263	27706075	NCR3	NC_037350.1
LTB	+	27712118	27714147	LTB	NC_037350.1
LOC100847561	+	27717388	27724084	LOC100847561	NC_037350.1
DDX39B	+	27748193	27758989	DDX39B	NC_037350.1
LOC112443897	+	27748915	27748993	LOC112443897	NC_037350.1
LOC112443898	+	27753580	27753656	LOC112443898	NC_037350.1
MGC126945	+	27782317	27784996	MGC126945	NC_037350.1
LOC132343674	+	27785022	27786326	LOC132343674	NC_037350.1
LOC107131731	+	27828258	27829533	LOC107131731	NC_037350.1
BoLA	+	27829793	27948002	BoLA	NC_037350.1
LOC507917	+	27872141	27875018	LOC507917	NC_037350.1
POU5F1	+	27982798	27987297	POU5F1	NC_037350.1
CCHCR1	+	27992636	28004149	CCHCR1	NC_037350.1
PSORS1C2	+	28006178	28007618	PSORS1C2	NC_037350.1
C23H6orf15	+	28028596	28030328	C23H6orf15	NC_037350.1
LOC616942	+	28055155	28059399	LOC616942	NC_037350.1
SFTA2	+	28142646	28143470	SFTA2	NC_037350.1
LOC132343632	+	28268603	28271391	LOC132343632	NC_037350.1
IER3	+	28284912	28286183	IER3	NC_037350.1
FLOT1	+	28286486	28296572	FLOT1	NC_037350.1
MDC1	+	28304396	28317440	MDC1	NC_037350.1
PPP1R18	+	28323144	28333418	PPP1R18	NC_037350.1
DHX16	+	28336627	28348884	DHX16	NC_037350.1
PPP1R10	+	28373727	28389370	PPP1R10	NC_037350.1
GNL1	+	28420981	28428769	GNL1	NC_037350.1
LOC512672	+	28492612	28510010	LOC512672	NC_037350.1
LOC104975666	+	28631459	28641271	LOC104975666	NC_037350.1
LOC785873	+	28769853	28787694	LOC785873	NC_037350.1
TRIM31	+	28853924	28880106	TRIM31	NC_037350.1
TRNAS-CGA-3	+	28880955	28881036	TRNAS-CGA	NC_037350.1
RNF39	+	28904519	28909960	RNF39	NC_037350.1
LOC132343633	+	28913176	28916612	LOC132343633	NC_037350.1
ZFP57	+	28936235	28945366	ZFP57	NC_037350.1
LOC101906691	+	28956143	28964869	LOC101906691	NC_037350.1
GABBR1	+	28974392	29003169	GABBR1	NC_037350.1
LOC112443888	+	29092546	29092651	LOC112443888	NC_037350.1
OR5V2	+	29339841	29345763	OR5V2	NC_037350.1
OR12D3	+	29350762	29351712	OR12D3	NC_037350.1
OR12D21	+	29358442	29359398	OR12D21	NC_037350.1
OR12D20	+	29368353	29369291	OR12D20	NC_037350.1
OR5V1	+	29387724	29388835	OR5V1	NC_037350.1
OR2H18	+	29469275	29470207	OR2H18	NC_037350.1
LOC132343583	+	29470604	29473466	LOC132343583	NC_037350.1
LOC132343584	+	29492736	29495041	LOC132343584	NC_037350.1
OR2G7B	+	29515616	29516566	OR2G7B	NC_037350.1
OR2U2	+	29550440	29551378	OR2U2	NC_037350.1
OR2B3	+	29588437	29589378	OR2B3	NC_037350.1
OR2B3B	+	29650881	29651822	OR2B3B	NC_037350.1
OR2P2	+	29661663	29662604	OR2P2	NC_037350.1
OR10AL42	+	29717099	29797749	OR10AL42	NC_037350.1
OR10AL41	+	29751566	29752528	OR10AL41	NC_037350.1
OR2N1O	+	29770795	29771733	OR2N1O	NC_037350.1
OR10AL43	+	29780093	29781070	OR10AL43	NC_037350.1
OR10AL40	+	29820771	29821721	OR10AL40	NC_037350.1
OR2AD1	+	29910286	29911257	OR2AD1	NC_037350.1
OR2AD1B	+	29930410	29931333	OR2AD1B	NC_037350.1
TRNAF-GAA-24	+	30015491	30015563	TRNAF-GAA	NC_037350.1
TRNAM-CAU-15	+	30026656	30026728	TRNAM-CAU	NC_037350.1
TRNAL-AAG-5	+	30032800	30032881	TRNAL-AAG	NC_037350.1
TRNAQ-CUG-17	+	30037406	30037477	TRNAQ-CUG	NC_037350.1
TRIM27	+	30047159	30061047	TRIM27	NC_037350.1
LOC112443799	+	30076671	30086810	LOC112443799	NC_037350.1
TRNAA-AGC-10	+	30077774	30077845	TRNAA-AGC	NC_037350.1
TRNAR-CCG-6	+	30112292	30112364	TRNAR-CCG	NC_037350.1
TRNAA-AGC-12	+	30116515	30116586	TRNAA-AGC	NC_037350.1
TRNAF-GAA-26	+	30126273	30126345	TRNAF-GAA	NC_037350.1
LOC112443911	+	30132666	30132772	LOC112443911	NC_037350.1
TRNAL-AAG-6	+	30136146	30136227	TRNAL-AAG	NC_037350.1
TRNAA-AGC-15	+	30149586	30149657	TRNAA-AGC	NC_037350.1
TRNAF-GAA-28	+	30153764	30153836	TRNAF-GAA	NC_037350.1
TRNAA-AGC-16	+	30154990	30155061	TRNAA-AGC	NC_037350.1
TRNAA-CGC-6	+	30156916	30156987	TRNAA-CGC	NC_037350.1
TRNAK-UUU-40	+	30158659	30158731	TRNAK-UUU	NC_037350.1
TRNAA-CGC-7	+	30164841	30164912	TRNAA-CGC	NC_037350.1
TRNAT-CGU-3	+	30176833	30176906	TRNAT-CGU	NC_037350.1
TRNAA-UGC-17	+	30183915	30183986	TRNAA-UGC	NC_037350.1
TRNAS-GCU-8	+	30189527	30189608	TRNAS-GCU	NC_037350.1
LOC112443761	+	30198139	30216191	LOC112443761	NC_037350.1
TRNAT-UGU-10	+	30223069	30223143	TRNAT-UGU	NC_037350.1
TRNAR-UCG-6	+	30228672	30228744	TRNAR-UCG	NC_037350.1
TRNAT-CGU-4	+	30285345	30285418	TRNAT-CGU	NC_037350.1
TRNAL-AAG-7	+	30293279	30293360	TRNAL-AAG	NC_037350.1
TRNAT-UGU-11	+	30297298	30297371	TRNAT-UGU	NC_037350.1
LOC112443785	+	30303229	30304417	LOC112443785	NC_037350.1
LOC132343634	+	30313883	30324772	LOC132343634	NC_037350.1
ZSCAN12	+	30335249	30358674	ZSCAN12	NC_037350.1
ZSCAN31	+	30371117	30380147	ZSCAN31	NC_037350.1
LOC132343636	+	30550586	30572684	LOC132343636	NC_037350.1
LOC532291	+	30631686	30632639	LOC532291	NC_037350.1
LOC616658	+	30739631	30740584	LOC616658	NC_037350.1
LOC526989	+	30752696	30753640	LOC526989	NC_037350.1
OR2W6	+	30842497	30843453	OR2W6	NC_037350.1
OR2B6	+	30855515	30856456	OR2B6	NC_037350.1
OR2W4	+	30881509	30882438	OR2W4	NC_037350.1
TRNAG-GCC-42	+	30943694	30943764	TRNAG-GCC	NC_037350.1
TRNAM-CAU-18	+	30944121	30944192	TRNAM-CAU	NC_037350.1
H2AC17	+	30948874	30949351	H2AC17	NC_037350.1
H3C12	+	30950687	30951191	H3C12	NC_037350.1
LOC115945171	+	30961252	30961712	LOC115945171	NC_037350.1
H1-5	+	30963938	30964727	H1-5	NC_037350.1
H2BC16	+	30965759	30971500	H2BC16	NC_037350.1
H2AC15	+	30976775	30977261	H2AC15	NC_037350.1
H4C12	+	30982639	30983167	H4C12	NC_037350.1
H2AC14	+	30995926	30996417	H2AC14	NC_037350.1
H2BC13	+	31002462	31002921	H2BC13	NC_037350.1
TRNAQ-UUG-10	+	31009092	31009163	TRNAQ-UUG	NC_037350.1
TRNAT-AGU-8	+	31046447	31046520	TRNAT-AGU	NC_037350.1
TRNAV-AAC-13	+	31050910	31050982	TRNAV-AAC	NC_037350.1
TRNAR-ACG-21	+	31053877	31053949	TRNAR-ACG	NC_037350.1
TRNAL-CAA-8	+	31082112	31082218	TRNAL-CAA	NC_037350.1
TRNAM-CAU-21	+	31087950	31088021	TRNAM-CAU	NC_037350.1
TRNAL-CAA-10	+	31099721	31099827	TRNAL-CAA	NC_037350.1
TRNAS-AGA-12	+	31110602	31110683	TRNAS-AGA	NC_037350.1
TRNAQ-CUG-19	+	31114008	31114079	TRNAQ-CUG	NC_037350.1
TRNAS-AGA-13	+	31119332	31119413	TRNAS-AGA	NC_037350.1
MIR7857-1	+	31119451	31119516	MIR7857-1	NC_037350.1
TRNAS-UGA-3	+	31141547	31141628	TRNAS-UGA	NC_037350.1
ZNF184	+	31164849	31184919	ZNF184	NC_037350.1
TRNAI-AAU-9	+	31254033	31254106	TRNAI-AAU	NC_037350.1
TRNAV-UAC-12	+	31259774	31259846	TRNAV-UAC	NC_037350.1
TRNAS-GCU-10	+	31272627	31272708	TRNAS-GCU	NC_037350.1
TRNAS-GCU-11	+	31273261	31273343	TRNAS-GCU	NC_037350.1
TRNAI-AAU-11	+	31277791	31277864	TRNAI-AAU	NC_037350.1
TRNAM-CAU-25	+	31281236	31281307	TRNAM-CAU	NC_037350.1
TRNAS-GCU-14	+	31281831	31281912	TRNAS-GCU	NC_037350.1
TRNAS-GCU-15	+	31282460	31282541	TRNAS-GCU	NC_037350.1
TRNAI-AAU-13	+	31291364	31291437	TRNAI-AAU	NC_037350.1
TRNAL-UAA-9	+	31321927	31322009	TRNAL-UAA	NC_037350.1
TRNAI-AAU-15	+	31340083	31340156	TRNAI-AAU	NC_037350.1
TRNAV-UAC-14	+	31347498	31347570	TRNAV-UAC	NC_037350.1
H2BC12	+	31354601	31355276	H2BC12	NC_037350.1
H2BC11	+	31363294	31369013	H2BC11	NC_037350.1
LOC132343683	+	31411006	31413284	LOC132343683	NC_037350.1
TRNAM-CAU-27	+	31415082	31415154	TRNAM-CAU	NC_037350.1
TRNAV-AAC-14	+	31417021	31417093	TRNAV-AAC	NC_037350.1
TRNAA-AGC-21	+	31417536	31417608	TRNAA-AGC	NC_037350.1
TRNAM-CAU-28	+	31419091	31419163	TRNAM-CAU	NC_037350.1
TRNAA-AGC-22	+	31428985	31429057	TRNAA-AGC	NC_037350.1
TRNAM-CAU-30	+	31430739	31430811	TRNAM-CAU	NC_037350.1
TRNAV-AAC-15	+	31432884	31432956	TRNAV-AAC	NC_037350.1
TRNAA-AGC-23	+	31433404	31433476	TRNAA-AGC	NC_037350.1
ZNF322	+	31448709	31461455	ZNF322	NC_037350.1
OR2M17	+	31477974	31478921	OR2M17	NC_037350.1
OR2M14	+	31492889	31493815	OR2M14	NC_037350.1
OR2M15	+	31502881	31503804	OR2M15	NC_037350.1
TRNAT-AGU-12	+	31577997	31578070	TRNAT-AGU	NC_037350.1
TRNAM-CAU-32	+	31676112	31676183	TRNAM-CAU	NC_037350.1
TRNAG-GCC-43	+	31686620	31686690	TRNAG-GCC	NC_037350.1
TRNAS-UGA-4	+	31687570	31687651	TRNAS-UGA	NC_037350.1
TRNAQ-UUG-12	+	31689317	31689388	TRNAQ-UUG	NC_037350.1
H2AC10	+	31701410	31701912	H2AC10	NC_037350.1
LOC107131750	+	31703672	31704161	LOC107131750	NC_037350.1
H3C8	+	31713776	31714234	H3C8	NC_037350.1
H4C7	+	31719130	31719510	H4C7	NC_037350.1
TRNAI-AAU-17	+	31723652	31723725	TRNAI-AAU	NC_037350.1
H1-3	+	31730229	31733886	H1-3	NC_037350.1
LOC132343684	+	31742952	31749409	LOC132343684	NC_037350.1
H2BC8	+	31758964	31759531	H2BC8	NC_037350.1
H2AC7	+	31766336	31766810	H2AC7	NC_037350.1
H4C4	+	31774497	31775289	H4C4	NC_037350.1
H1-6	+	31844582	31847135	H1-6	NC_037350.1
H2BC3	+	31884575	31885242	H2BC3	NC_037350.1
H4C2	+	31904192	31904584	H4C2	NC_037350.1
H1-1	+	31912663	31913429	H1-1	NC_037350.1
SLC17A3	+	31980410	32017255	SLC17A3	NC_037350.1
SLC17A1	+	32026564	32267355	SLC17A1	NC_037350.1
H2AC1	+	32156533	32159175	H2AC1	NC_037350.1
LOC132343681	+	32268238	32274544	LOC132343681	NC_037350.1
LOC132343682	+	32458800	32597436	LOC132343682	NC_037350.1
CMAH	+	32672546	32755486	CMAH	NC_037350.1
LOC112443886	+	32933609	32933715	LOC112443886	NC_037350.1
ARMH2	+	32998418	33005169	ARMH2	NC_037350.1
LOC112443816	+	33184036	33194376	LOC112443816	NC_037350.1
GPLD1	+	33217608	33268597	GPLD1	NC_037350.1
LOC112443933	+	33279806	33279916	LOC112443933	NC_037350.1
DCDC2	+	33334641	33485531	DCDC2	NC_037350.1
LOC112443913	+	33359689	33359795	LOC112443913	NC_037350.1
LOC112443942	+	34628609	34628717	LOC112443942	NC_037350.1
LOC112443940	+	34772902	34773011	LOC112443940	NC_037350.1
LOC112443927	+	34818036	34818144	LOC112443927	NC_037350.1
LOC112443944	+	34848068	34848177	LOC112443944	NC_037350.1
LOC112443937	+	34875975	34876083	LOC112443937	NC_037350.1
LOC112443936	+	34902642	34902750	LOC112443936	NC_037350.1
LOC112443935	+	34929387	34929495	LOC112443935	NC_037350.1
LOC112443934	+	34979480	34979590	LOC112443934	NC_037350.1
LOC112443928	+	35042192	35042300	LOC112443928	NC_037350.1
LOC112443883	+	35179113	35179221	LOC112443883	NC_037350.1
LOC132343639	+	37472515	37483739	LOC132343639	NC_037350.1
MBOAT1	+	37723893	37834711	MBOAT1	NC_037350.1
LOC132343640	+	37724191	37727902	LOC132343640	NC_037350.1
LOC112443866	+	39279343	39299865	LOC112443866	NC_037350.1
DEK	+	39355713	39387660	DEK	NC_037350.1
NHLRC1	+	39461657	39463065	NHLRC1	NC_037350.1
NUP153	+	39756421	39827330	NUP153	NC_037350.1
TRNAE-UUC-118	+	40028149	40028221	TRNAE-UUC	NC_037350.1
MIR2325B	+	40105403	40105468	MIR2325B	NC_037350.1
TRNAC-ACA-201	+	40203874	40203945	TRNAC-ACA	NC_037350.1
LOC112443889	+	40394210	40394316	LOC112443889	NC_037350.1
LOC574091	+	40831987	40833465	LOC574091	NC_037350.1
LOC132343647	+	41063922	41305427	LOC132343647	NC_037350.1
DTNBP1	+	41382239	41484259	DTNBP1	NC_037350.1
LOC132343649	+	42150479	42175604	LOC132343649	NC_037350.1
MCUR1	+	42868643	42890958	MCUR1	NC_037350.1
GFOD1	+	43100558	43204047	GFOD1	NC_037350.1
TBC1D7	+	43223724	43248692	TBC1D7	NC_037350.1
LOC132343654	+	43372755	43374283	LOC132343654	NC_037350.1
LOC132343655	+	43822530	43824701	LOC132343655	NC_037350.1
ADTRP	+	44609393	44677680	ADTRP	NC_037350.1
LOC132343656	+	44740765	44762298	LOC132343656	NC_037350.1
NEDD9	+	44941945	45131903	NEDD9	NC_037350.1
TRNAR-GCG-17	+	45290889	45290961	TRNAR-GCG	NC_037350.1
GCM2	+	45324582	45334315	GCM2	NC_037350.1
TRNAE-UUC-119	+	45354237	45354309	TRNAE-UUC	NC_037350.1
LOC132343657	+	45453820	45460101	LOC132343657	NC_037350.1
LOC132343658	+	45528777	45530895	LOC132343658	NC_037350.1
TFAP2A	+	45615045	45637794	TFAP2A	NC_037350.1
LOC112443811	+	45740206	45747416	LOC112443811	NC_037350.1
LOC112443732	+	45872237	45874883	LOC112443732	NC_037350.1
TRNAQ-CUG-21	+	47242996	47243067	TRNAQ-CUG	NC_037350.1
EEF1E1	+	47367314	47383132	EEF1E1	NC_037350.1
BLOC1S5	+	47392894	47417444	BLOC1S5	NC_037350.1
TRNAE-UUC-120	+	47844872	47844944	TRNAE-UUC	NC_037350.1
CAGE1	+	47960353	48004640	CAGE1	NC_037350.1
SSR1	+	48004732	48034860	SSR1	NC_037350.1
LOC132343659	+	48319035	48332155	LOC132343659	NC_037350.1
LOC104969889	+	48408364	48411801	LOC104969889	NC_037350.1
F13A1	+	48770276	48913850	F13A1	NC_037350.1
LOC100139885	+	49053617	49062305	LOC100139885	NC_037350.1
LOC132343661	+	49214819	49221560	LOC132343661	NC_037350.1
LYRM4	+	49417555	49509666	LYRM4	NC_037350.1
RPP40	+	49546033	49559582	RPP40	NC_037350.1
LOC104969916	+	49984550	49993468	LOC104969916	NC_037350.1
ECI2	+	50039745	50057656	ECI2	NC_037350.1
FAM217A	+	50064341	50081518	FAM217A	NC_037350.1
LOC112443776	+	50131897	50140967	LOC112443776	NC_037350.1
PXDC1	+	50214251	50234035	PXDC1	NC_037350.1
LOC101903139	+	50282922	50289861	LOC101903139	NC_037350.1
SLC22A23	+	50325601	50461349	SLC22A23	NC_037350.1
TUBB2B	+	50489642	50492431	TUBB2B	NC_037350.1
LOC112443728	+	50632970	50640329	LOC112443728	NC_037350.1
SERPINB6	+	50735234	50749416	SERPINB6	NC_037350.1
LOC404051	+	50764264	50774989	LOC404051	NC_037350.1
SERPINB9	+	50784498	50793489	SERPINB9	NC_037350.1
LOC101904174	+	50960470	50983707	LOC101904174	NC_037350.1
LOC112443832	+	51014187	51039757	LOC112443832	NC_037350.1
GMDS	+	51168212	51603197	GMDS	NC_037350.1
LOC104969983	+	51776942	51812437	LOC104969983	NC_037350.1
LOC104969959	+	51826821	51839811	LOC104969959	NC_037350.1
LOC107131768	+	51925019	51926898	LOC107131768	NC_037350.1
LOC132343667	+	52298441	52305515	LOC132343667	NC_037350.1
OR9M1	+	111635	112567	OR9M1	NC_037351.1
PARD6G	+	341688	418735	PARD6G	NC_037351.1
TXNL4A	+	539078	549835	TXNL4A	NC_037351.1
SLC66A2	+	569419	610883	SLC66A2	NC_037351.1
LOC101902808	+	713305	715276	LOC101902808	NC_037351.1
LOC132343745	+	921402	941024	LOC132343745	NC_037351.1
LOC112444240	+	1006167	1006273	LOC112444240	NC_037351.1
LOC104975719	+	1079302	1082879	LOC104975719	NC_037351.1
MBP	+	2224135	2328579	MBP	NC_037351.1
LOC132343749	+	2450878	2456450	LOC132343749	NC_037351.1
LOC112444255	+	2467331	2467465	LOC112444255	NC_037351.1
ZNF516	+	2551226	2651584	ZNF516	NC_037351.1
LOC112444173	+	2825088	2843380	LOC112444173	NC_037351.1
LOC132343806	+	2949630	2952014	LOC132343806	NC_037351.1
LOC112444184	+	3830646	3846079	LOC112444184	NC_037351.1
DIPK1C	+	4042727	4060301	DIPK1C	NC_037351.1
CYB5A	+	4141580	4175483	CYB5A	NC_037351.1
FBXO15	+	4243589	4281859	FBXO15	NC_037351.1
TRNAA-CGC-9	+	4678616	4678687	TRNAA-CGC	NC_037351.1
NETO1	+	5079858	5197565	NETO1	NC_037351.1
LOC132343743	+	5796277	5824563	LOC132343743	NC_037351.1
RTTN	+	7121368	7239738	RTTN	NC_037351.1
LOC101907606	+	7406090	7412519	LOC101907606	NC_037351.1
TMX3	+	8456521	8494566	TMX3	NC_037351.1
TRNAS-GGA-104	+	9242316	9242387	TRNAS-GGA	NC_037351.1
DSEL	+	9444509	9463703	DSEL	NC_037351.1
CDH19	+	10135991	10168161	CDH19	NC_037351.1
LOC100848171	+	12511713	12519841	LOC100848171	NC_037351.1
SYT4	+	12650269	12660067	SYT4	NC_037351.1
LOC112444152	+	14318061	14321626	LOC112444152	NC_037351.1
LOC112444218	+	14321178	14321244	LOC112444218	NC_037351.1
LOC112444176	+	14324486	14398104	LOC112444176	NC_037351.1
LOC112444187	+	14520208	14562985	LOC112444187	NC_037351.1
LOC104975749	+	16416904	16417266	LOC104975749	NC_037351.1
LOC112444202	+	17668937	17677575	LOC112444202	NC_037351.1
TRNAW-CCA-138	+	17854000	17854071	TRNAW-CCA	NC_037351.1
LOC112444195	+	17944378	17956116	LOC112444195	NC_037351.1
LOC132343811	+	19386336	19388705	LOC132343811	NC_037351.1
CELF4	+	19505348	19818441	CELF4	NC_037351.1
TPGS2	+	20261936	20326423	TPGS2	NC_037351.1
LOC104975739	+	20837361	20843160	LOC104975739	NC_037351.1
SLC39A6	+	21006972	21028829	SLC39A6	NC_037351.1
RPRD1A	+	21051664	21120400	RPRD1A	NC_037351.1
MIR187	+	21219284	21219392	MIR187	NC_037351.1
LOC132343761	+	21510206	21533038	LOC132343761	NC_037351.1
INO80C	+	21583257	21608154	INO80C	NC_037351.1
ZSCAN30	+	21754997	21775338	ZSCAN30	NC_037351.1
LOC112444244	+	22442617	22442719	LOC112444244	NC_037351.1
LOC112444199	+	22450243	22453876	LOC112444199	NC_037351.1
NOL4	+	22848838	23337793	NOL4	NC_037351.1
CCDC178	+	23785621	24196207	CCDC178	NC_037351.1
KLHL14	+	24385001	24498075	KLHL14	NC_037351.1
GAREM1	+	24694675	24931408	GAREM1	NC_037351.1
TRAPPC8	+	25259599	25343047	TRAPPC8	NC_037351.1
B4GALT6	+	25459771	25528863	B4GALT6	NC_037351.1
LOC101904557	+	25920545	25950631	LOC101904557	NC_037351.1
DSC2	+	26027401	26065770	DSC2	NC_037351.1
DSC3	+	26083068	26138212	DSC3	NC_037351.1
LOC112444220	+	28485983	28486146	LOC112444220	NC_037351.1
CDH2	+	28655756	28904115	CDH2	NC_037351.1
AQP4	+	30013326	30027871	AQP4	NC_037351.1
KCTD1	+	30226648	30438816	KCTD1	NC_037351.1
LOC132343766	+	30257529	30288502	LOC132343766	NC_037351.1
SS18	+	30669797	30746233	SS18	NC_037351.1
MIR2380	+	30704603	30704674	MIR2380	NC_037351.1
ZNF521	+	31380676	31692915	ZNF521	NC_037351.1
MIR12051	+	31512912	31512962	MIR12051	NC_037351.1
LOC112444180	+	32048099	32058444	LOC112444180	NC_037351.1
LOC132343768	+	32065980	32071483	LOC132343768	NC_037351.1
OSBPL1A	+	32306108	32536495	OSBPL1A	NC_037351.1
ANKRD29	+	32993172	33041025	ANKRD29	NC_037351.1
NPC1	+	33058694	33105394	NPC1	NC_037351.1
TMEM241	+	33169010	33289365	TMEM241	NC_037351.1
LOC132343769	+	33301203	33306517	LOC132343769	NC_037351.1
MIR2285O-3	+	33510860	33510940	MIR2285O-3	NC_037351.1
LOC104970025	+	33980871	33990970	LOC104970025	NC_037351.1
LOC132343770	+	34216719	34227811	LOC132343770	NC_037351.1
LOC113633884	+	34451059	34456984	LOC113633884	NC_037351.1
MIR1-2	+	34453372	34453456	MIR1-2	NC_037351.1
MIR133A-2	+	34456691	34456777	MIR133A-2	NC_037351.1
ABHD3	+	34541436	34591101	ABHD3	NC_037351.1
ESCO1	+	34618136	34671451	ESCO1	NC_037351.1
LOC112444245	+	34749010	34749115	LOC112444245	NC_037351.1
MGC133647	+	34982939	34997828	MGC133647	NC_037351.1
ROCK1	+	35015582	35140283	ROCK1	NC_037351.1
USP14	+	35149151	35184344	USP14	NC_037351.1
LOC101902862	+	35222219	35260452	LOC101902862	NC_037351.1
CETN1	+	35488684	35489567	CETN1	NC_037351.1
CLUL1	+	35518976	35548153	CLUL1	NC_037351.1
TYMS	+	35553506	35564151	TYMS	NC_037351.1
ADCYAP1	+	35733134	35739931	ADCYAP1	NC_037351.1
LOC132343739	+	36569364	36572431	LOC132343739	NC_037351.1
LOC132343771	+	36737341	36743032	LOC132343771	NC_037351.1
NDC80	+	36860582	36896281	NDC80	NC_037351.1
SMCHD1	+	36928766	37056429	SMCHD1	NC_037351.1
MYL12A	+	37403080	37413273	MYL12A	NC_037351.1
MYL12B	+	37417773	37434622	MYL12B	NC_037351.1
TGIF1	+	37502090	37535210	TGIF1	NC_037351.1
LOC112444209	+	37599794	37632035	LOC112444209	NC_037351.1
LOC101903604	+	37636576	37655148	LOC101903604	NC_037351.1
LOC112444210	+	37674203	37692454	LOC112444210	NC_037351.1
LOC132343773	+	38704718	38710995	LOC132343773	NC_037351.1
LOC132343774	+	39063626	39096939	LOC132343774	NC_037351.1
LOC100847357	+	39312436	39368179	LOC100847357	NC_037351.1
TRNAG-GCC-47	+	39711913	39711984	TRNAG-GCC	NC_037351.1
ARHGAP28	+	39797875	39937578	ARHGAP28	NC_037351.1
LOC101904673	+	40075102	40086065	LOC101904673	NC_037351.1
LRRC30	+	40126526	40135508	LRRC30	NC_037351.1
PTPRM	+	40330021	40995221	PTPRM	NC_037351.1
MIR2285O-4	+	40953704	40953781	MIR2285O-4	NC_037351.1
RAB12	+	41081076	41101420	RAB12	NC_037351.1
MTCL1	+	41135600	41249107	MTCL1	NC_037351.1
LOC100849069	+	41361036	41402721	LOC100849069	NC_037351.1
ANKRD12	+	41438158	41536546	ANKRD12	NC_037351.1
TWSG1	+	41546086	41567761	TWSG1	NC_037351.1
TXNDC2	+	41868602	41882658	TXNDC2	NC_037351.1
VAPA	+	41892955	41928963	VAPA	NC_037351.1
NAPG	+	42177926	42190057	NAPG	NC_037351.1
LOC112444160	+	42270145	42274924	LOC112444160	NC_037351.1
LOC132343778	+	42410440	42416363	LOC132343778	NC_037351.1
GNAL	+	42647738	42725135	GNAL	NC_037351.1
LOC100296081	+	42653440	42655238	LOC100296081	NC_037351.1
IMPA2	+	42749323	42770783	IMPA2	NC_037351.1
TUBB6	+	42800010	42808145	TUBB6	NC_037351.1
PRELID3A	+	42829418	42878355	PRELID3A	NC_037351.1
PSMG2	+	43073010	43082955	PSMG2	NC_037351.1
LDLRAD4	+	43309571	43483325	LDLRAD4	NC_037351.1
RNMT	+	43500371	43525420	RNMT	NC_037351.1
MC5R	+	43542193	43543170	MC5R	NC_037351.1
SETBP1	+	44277079	44686107	SETBP1	NC_037351.1
TRNAC-ACA-206	+	44716636	44716707	TRNAC-ACA	NC_037351.1
SLC14A2	+	44894688	45401361	SLC14A2	NC_037351.1
SLC14A1	+	45407591	45464261	SLC14A1	NC_037351.1
SIGLEC15	+	45560217	45584507	SIGLEC15	NC_037351.1
MIR6523B	+	45690130	45690188	MIR6523B	NC_037351.1
LOC107131791	+	45726291	45726725	LOC107131791	NC_037351.1
LOC132343783	+	45751339	45761361	LOC132343783	NC_037351.1
HAUS1	+	45853713	45866274	HAUS1	NC_037351.1
LOC112444237	+	45911775	45911878	LOC112444237	NC_037351.1
C24H18orf25	+	45913001	45998610	C24H18orf25	NC_037351.1
KATNAL2	+	46683510	46793131	KATNAL2	NC_037351.1
LOC101904605	+	47582530	47585680	LOC101904605	NC_037351.1
CTIF	+	48220114	48546367	CTIF	NC_037351.1
LIPG	+	49207797	49241313	LIPG	NC_037351.1
LOC112444215	+	49478018	49478160	LOC112444215	NC_037351.1
LOC112444214	+	49478228	49478310	LOC112444214	NC_037351.1
LOC132343786	+	49501783	49508827	LOC132343786	NC_037351.1
TRNAC-ACA-207	+	49885728	49885799	TRNAC-ACA	NC_037351.1
SKA1	+	49964089	49995083	SKA1	NC_037351.1
MAPK4	+	50107789	50281079	MAPK4	NC_037351.1
SMAD4	+	50525045	50582544	SMAD4	NC_037351.1
LOC132343789	+	50692390	50831132	LOC132343789	NC_037351.1
LOC132343790	+	50975054	51050605	LOC132343790	NC_037351.1
DCC	+	51737407	53033940	DCC	NC_037351.1
LOC132343793	+	53463450	53505390	LOC132343793	NC_037351.1
C24H18orf54	+	53744920	53779276	C24H18orf54	NC_037351.1
CUPIN1	+	53779288	53823557	CUPIN1	NC_037351.1
LOC112444239	+	53828285	53828391	LOC112444239	NC_037351.1
LOC100137989	+	53972775	53984532	LOC100137989	NC_037351.1
LOC132343794	+	53991120	53994353	LOC132343794	NC_037351.1
LOC104975794	+	54009364	54016670	LOC104975794	NC_037351.1
RAB27B	+	54193395	54254695	RAB27B	NC_037351.1
WDR7	+	56001571	56354456	WDR7	NC_037351.1
ST8SIA3	+	56614607	56632904	ST8SIA3	NC_037351.1
ONECUT2	+	56682183	56740054	ONECUT2	NC_037351.1
LOC132343797	+	56773735	56777465	LOC132343797	NC_037351.1
LOC132343798	+	56850089	56871093	LOC132343798	NC_037351.1
LOC112444181	+	57089841	57151588	LOC112444181	NC_037351.1
MIR122	+	57588139	57588223	MIR122	NC_037351.1
LOC101907607	+	57697844	57749190	LOC101907607	NC_037351.1
MALT1	+	57775041	57841386	MALT1	NC_037351.1
ZNF532	+	57933122	58045998	ZNF532	NC_037351.1
OACYL	+	58054464	58122574	OACYL	NC_037351.1
TRNAE-UUC-122	+	58096671	58096743	TRNAE-UUC	NC_037351.1
SEC11C	+	58152254	58163466	SEC11C	NC_037351.1
GRP	+	58203569	58216205	GRP	NC_037351.1
LOC132343800	+	58311568	58313835	LOC132343800	NC_037351.1
LOC112444157	+	58407733	58411845	LOC112444157	NC_037351.1
PMAIP1	+	58744519	58748951	PMAIP1	NC_037351.1
LOC613321	+	59056647	59061891	LOC613321	NC_037351.1
LOC529488	+	59249153	59317724	LOC529488	NC_037351.1
TRNAC-ACA-210	+	59272482	59272553	TRNAC-ACA	NC_037351.1
CDH20	+	59887848	60100982	CDH20	NC_037351.1
LOC101902622	+	60004672	60005758	LOC101902622	NC_037351.1
LOC107131802	+	60105378	60111824	LOC107131802	NC_037351.1
TRNAE-UUC-123	+	60139656	60139729	TRNAE-UUC	NC_037351.1
RELCH	+	60601677	60716022	RELCH	NC_037351.1
LOC112444250	+	60663791	60663859	LOC112444250	NC_037351.1
TNFRSF11A	+	60728428	60791393	TNFRSF11A	NC_037351.1
TRNAC-GCA-210	+	60815455	60815525	TRNAC-GCA	NC_037351.1
ZCCHC2	+	60903427	60967073	ZCCHC2	NC_037351.1
SERPINB7	+	61992760	62015731	SERPINB7	NC_037351.1
LOC522479	+	62020311	62040285	LOC522479	NC_037351.1
SERPINB2	+	62075443	62093177	SERPINB2	NC_037351.1
LOC101904378	+	62124719	62161003	LOC101904378	NC_037351.1
MPG	+	145254	152508	MPG	NC_037352.1
HBA	+	216496	217264	HBA	NC_037352.1
HBA1	+	219550	220318	HBA1	NC_037352.1
HBQ1	+	222432	225756	HBQ1	NC_037352.1
FAM234A	+	276347	296392	FAM234A	NC_037352.1
ARHGDIG	+	307142	309575	ARHGDIG	NC_037352.1
LOC112444351	+	329742	342745	LOC112444351	NC_037352.1
CAPN15	+	469033	485677	CAPN15	NC_037352.1
PIGQ	+	499020	512238	PIGQ	NC_037352.1
WFIKKN1	+	541147	543770	WFIKKN1	NC_037352.1
MCRIP2	+	546343	558052	MCRIP2	NC_037352.1
WDR90	+	558934	573225	WDR90	NC_037352.1
RHOT2	+	573401	578697	RHOT2	NC_037352.1
RHBDL1	+	579680	582720	RHBDL1	NC_037352.1
STUB1	+	584421	586777	STUB1	NC_037352.1
METRN	+	614323	616436	METRN	NC_037352.1
HAGHL	+	625466	628537	HAGHL	NC_037352.1
CHTF18	+	669617	677704	CHTF18	NC_037352.1
LOC132343833	+	746309	748586	LOC132343833	NC_037352.1
SOX8	+	788637	793550	SOX8	NC_037352.1
CACNA1H	+	960329	988925	CACNA1H	NC_037352.1
TPSB2	+	997749	999475	TPSB2	NC_037352.1
LOC132343834	+	1009195	1014592	LOC132343834	NC_037352.1
UBE2I	+	1039144	1050827	UBE2I	NC_037352.1
BAIAP3	+	1057089	1070548	BAIAP3	NC_037352.1
PERCC1	+	1125948	1129309	PERCC1	NC_037352.1
TELO2	+	1173851	1185499	TELO2	NC_037352.1
TMEM204	+	1197395	1209837	TMEM204	NC_037352.1
CRAMP1	+	1244383	1289189	CRAMP1	NC_037352.1
JPT2	+	1289281	1302441	JPT2	NC_037352.1
EME2	+	1352302	1358331	EME2	NC_037352.1
NUBP2	+	1361407	1366861	NUBP2	NC_037352.1
FAHD1	+	1392519	1394143	FAHD1	NC_037352.1
LOC112444337	+	1457629	1465374	LOC112444337	NC_037352.1
LOC104975826	+	1491754	1502284	LOC104975826	NC_037352.1
NDUFB10	+	1516661	1519322	NDUFB10	NC_037352.1
LOC112444391	+	1522006	1522132	LOC112444391	NC_037352.1
RNF151	+	1523353	1527393	RNF151	NC_037352.1
TBL3	+	1528782	1534840	TBL3	NC_037352.1
SYNGR3	+	1544835	1549036	SYNGR3	NC_037352.1
NPW	+	1561600	1571205	NPW	NC_037352.1
NHERF2	+	1576605	1588862	NHERF2	NC_037352.1
TSC2	+	1595321	1626208	TSC2	NC_037352.1
RAB26	+	1679439	1685522	RAB26	NC_037352.1
TRAF7	+	1693860	1710429	TRAF7	NC_037352.1
LOC101906195	+	1715762	1724832	LOC101906195	NC_037352.1
E4F1	+	1751354	1761026	E4F1	NC_037352.1
MIR940	+	1790895	1790987	MIR940	NC_037352.1
LOC777692	+	1836756	1853491	LOC777692	NC_037352.1
TEDC2	+	1966617	1970948	TEDC2	NC_037352.1
NTN3	+	1975804	1978415	NTN3	NC_037352.1
TBC1D24	+	1979516	2006263	TBC1D24	NC_037352.1
ATP6V0C	+	2012685	2018066	ATP6V0C	NC_037352.1
AMDHD2	+	2018233	2024929	AMDHD2	NC_037352.1
KCTD5	+	2102159	2122816	KCTD5	NC_037352.1
PRSS22	+	2178184	2182806	PRSS22	NC_037352.1
ELOB	+	2281024	2285011	ELOB	NC_037352.1
FLYWCH2	+	2303716	2327968	FLYWCH2	NC_037352.1
FLYWCH1	+	2338777	2366048	FLYWCH1	NC_037352.1
KREMEN2	+	2370794	2375663	KREMEN2	NC_037352.1
PAQR4	+	2376805	2380362	PAQR4	NC_037352.1
GREP1	+	2403782	2416812	GREP1	NC_037352.1
CLDN9	+	2430977	2432883	CLDN9	NC_037352.1
TNFRSF12A	+	2435936	2439695	TNFRSF12A	NC_037352.1
THOC6	+	2441340	2444370	THOC6	NC_037352.1
MMP25	+	2476645	2488442	MMP25	NC_037352.1
IL32	+	2490659	2494939	IL32	NC_037352.1
LOC100139916	+	2497983	2506848	LOC100139916	NC_037352.1
LOC618541	+	2513066	2517356	LOC618541	NC_037352.1
LOC100141258	+	2521671	2525898	LOC100141258	NC_037352.1
CASP16	+	2582231	2589738	CASP16	NC_037352.1
TRNAR-CCG-8	+	2589149	2589221	TRNAR-CCG	NC_037352.1
TRNAR-CCU-34	+	2591451	2591523	TRNAR-CCU	NC_037352.1
TRNAP-UGG-4	+	2598642	2598713	TRNAP-UGG	NC_037352.1
TRNAP-AGG-7	+	2601567	2601638	TRNAP-AGG	NC_037352.1
TRNAK-CUU-19	+	2607789	2607861	TRNAK-CUU	NC_037352.1
TRNAK-CUU-21	+	2612845	2612917	TRNAK-CUU	NC_037352.1
TRNAP-CGG-4	+	2614114	2614185	TRNAP-CGG	NC_037352.1
TRNAK-CUU-22	+	2617431	2617503	TRNAK-CUU	NC_037352.1
TRNAP-UGG-5	+	2621041	2621112	TRNAP-UGG	NC_037352.1
TRNAK-CUU-24	+	2624993	2625065	TRNAK-CUU	NC_037352.1
TRNAP-UGG-7	+	2625955	2626026	TRNAP-UGG	NC_037352.1
TRNAP-AGG-11	+	2626811	2626882	TRNAP-AGG	NC_037352.1
TRNAP-UGG-8	+	2628848	2628919	TRNAP-UGG	NC_037352.1
TRNAK-CUU-26	+	2629353	2629425	TRNAK-CUU	NC_037352.1
TRNAP-UGG-9	+	2630255	2630326	TRNAP-UGG	NC_037352.1
TRNAP-AGG-13	+	2634588	2634659	TRNAP-AGG	NC_037352.1
TRNAR-CCU-36	+	2637457	2637529	TRNAR-CCU	NC_037352.1
TRNAK-CUU-28	+	2638931	2639003	TRNAK-CUU	NC_037352.1
OR1F1	+	2650220	2651469	OR1F1	NC_037352.1
LOC112444375	+	2653786	2653893	LOC112444375	NC_037352.1
LOC112444363	+	2666956	2667071	LOC112444363	NC_037352.1
LOC112444371	+	2682086	2682188	LOC112444371	NC_037352.1
ZNF263	+	2690491	2744243	ZNF263	NC_037352.1
ZNF75A	+	2753803	2768962	ZNF75A	NC_037352.1
LOC104970105	+	2775706	2786249	LOC104970105	NC_037352.1
ZNF174	+	2838644	2845617	ZNF174	NC_037352.1
NAA60	+	2871289	2888336	NAA60	NC_037352.1
CLUAP1	+	2898566	2928706	CLUAP1	NC_037352.1
DNASE1	+	2981353	2999607	DNASE1	NC_037352.1
MIR2383	+	2992795	2992870	MIR2383	NC_037352.1
LOC101903988	+	3048811	3050915	LOC101903988	NC_037352.1
LOC112444322	+	3200592	3209911	LOC112444322	NC_037352.1
GLIS2	+	3483776	3504212	GLIS2	NC_037352.1
VASN	+	3526090	3536775	VASN	NC_037352.1
DNAJA3	+	3574525	3605780	DNAJA3	NC_037352.1
HMOX2	+	3626012	3654156	HMOX2	NC_037352.1
LOC112444386	+	3753608	3753741	LOC112444386	NC_037352.1
MGRN1	+	3755152	3791830	MGRN1	NC_037352.1
UBN1	+	3914636	3947864	UBN1	NC_037352.1
SEC14L5	+	4013848	4054835	SEC14L5	NC_037352.1
ALG1	+	4088137	4103061	ALG1	NC_037352.1
LOC112444295	+	4207360	4217139	LOC112444295	NC_037352.1
TRNAG-CCC-202	+	5142198	5142270	TRNAG-CCC	NC_037352.1
METTL22	+	7517218	7536058	METTL22	NC_037352.1
ABAT	+	7551557	7787339	ABAT	NC_037352.1
LITAFD	+	7708752	7712642	LITAFD	NC_037352.1
LOC112444343	+	7753479	7761209	LOC112444343	NC_037352.1
LOC112444374	+	7855437	7855539	LOC112444374	NC_037352.1
HAPSTR1	+	7883527	7909480	HAPSTR1	NC_037352.1
MIR12003	+	7897778	7897833	MIR12003	NC_037352.1
ATF7IP2	+	9153199	9229863	ATF7IP2	NC_037352.1
NUBP1	+	9439667	9457901	NUBP1	NC_037352.1
TRNAE-UUC-124	+	9525244	9525316	TRNAE-UUC	NC_037352.1
CIITA	+	9542385	9601549	CIITA	NC_037352.1
CLEC16A	+	9620829	9855652	CLEC16A	NC_037352.1
LOC132343841	+	9895986	9903668	LOC132343841	NC_037352.1
TNFRSF17	+	10547712	10679425	TNFRSF17	NC_037352.1
SNX29	+	10682176	11279623	SNX29	NC_037352.1
TRNAW-CCA-140	+	11106068	11106139	TRNAW-CCA	NC_037352.1
TRNAG-CCC-207	+	11484818	11484890	TRNAG-CCC	NC_037352.1
SHISA9	+	11633245	12158399	SHISA9	NC_037352.1
LOC132343905	+	12538151	12539390	LOC132343905	NC_037352.1
MRTFB	+	12880032	13195773	MRTFB	NC_037352.1
LOC100849865	+	13246996	13270117	LOC100849865	NC_037352.1
MIR193B	+	13248833	13248915	MIR193B	NC_037352.1
LOC112444365	+	13603566	13603672	LOC112444365	NC_037352.1
LOC132343845	+	13663430	13670284	LOC132343845	NC_037352.1
NTAN1	+	13716909	13731513	NTAN1	NC_037352.1
MPV17L	+	13816668	13822185	MPV17L	NC_037352.1
BMERB1	+	13881225	14026244	BMERB1	NC_037352.1
LOC112444305	+	13956963	13959951	LOC112444305	NC_037352.1
MIR10161	+	13990737	13990828	MIR10161	NC_037352.1
LOC112444307	+	14051714	14065344	LOC112444307	NC_037352.1
MIR484	+	14083795	14083857	MIR484	NC_037352.1
NDE1	+	14084545	14144218	NDE1	NC_037352.1
ABCC1	+	14330154	14482212	ABCC1	NC_037352.1
LOC515570	+	14556822	14613270	LOC515570	NC_037352.1
LOC132343847	+	14954716	14985576	LOC132343847	NC_037352.1
LOC100296255	+	15327407	15327972	LOC100296255	NC_037352.1
XYLT1	+	15541401	15893697	XYLT1	NC_037352.1
LOC132343849	+	15969673	15988287	LOC132343849	NC_037352.1
LOC112444380	+	16509170	16509279	LOC112444380	NC_037352.1
CCP110	+	17132639	17155420	CCP110	NC_037352.1
IQCK	+	17314251	17475788	IQCK	NC_037352.1
ACSM5	+	18091419	18119703	ACSM5	NC_037352.1
ACSM2B	+	18162093	18210919	ACSM2B	NC_037352.1
ACSM1	+	18233946	18298234	ACSM1	NC_037352.1
LOC789337	+	18305450	18333026	LOC789337	NC_037352.1
ERV3-1	+	18368404	18372607	ERV3-1	NC_037352.1
ACSM3	+	18483733	18540167	ACSM3	NC_037352.1
REXO5	+	18556184	18626204	REXO5	NC_037352.1
TRNAR-CCU-37	+	18815373	18815445	TRNAR-CCU	NC_037352.1
LDAF1	+	18976455	18992770	LDAF1	NC_037352.1
ANKS4B	+	19059394	19070776	ANKS4B	NC_037352.1
ABCA14	+	19104183	19374235	ABCA14	NC_037352.1
ABCA16	+	19409520	19623835	ABCA16	NC_037352.1
VWA3A	+	19780621	19838887	VWA3A	NC_037352.1
EEF2K	+	19884972	19957077	EEF2K	NC_037352.1
TRNAL-AAG-9	+	19969191	19969272	TRNAL-AAG	NC_037352.1
POLR3E	+	19969462	20002851	POLR3E	NC_037352.1
LOC101905757	+	20034686	20076882	LOC101905757	NC_037352.1
METTL9	+	20097164	20147142	METTL9	NC_037352.1
OTOA	+	20164050	20235501	OTOA	NC_037352.1
HS3ST2	+	20473990	20591006	HS3ST2	NC_037352.1
LOC132343854	+	20575707	20576880	LOC132343854	NC_037352.1
LOC104975866	+	20818780	20832814	LOC104975866	NC_037352.1
SCNN1G	+	20853314	20884646	SCNN1G	NC_037352.1
UBFD1	+	21228703	21240608	UBFD1	NC_037352.1
DCTN5	+	21293302	21322275	DCTN5	NC_037352.1
PLK1	+	21334524	21345063	PLK1	NC_037352.1
CHP2	+	21402614	21406033	CHP2	NC_037352.1
PRKCB	+	21505317	21880937	PRKCB	NC_037352.1
CACNG3	+	21922179	22022882	CACNG3	NC_037352.1
TRNAG-CCC-210	+	22007536	22007608	TRNAG-CCC	NC_037352.1
TNRC6A	+	22256751	22480698	TNRC6A	NC_037352.1
SLC5A11	+	22513875	22571278	SLC5A11	NC_037352.1
LCMT1	+	22697026	22766549	LCMT1	NC_037352.1
AQP8	+	22801765	22811949	AQP8	NC_037352.1
LOC132343855	+	24108514	24120180	LOC132343855	NC_037352.1
LOC112444347	+	24661969	24663076	LOC112444347	NC_037352.1
IL4R	+	24898783	24922680	IL4R	NC_037352.1
IL21R	+	24941961	25002153	IL21R	NC_037352.1
KATNIP	+	25090046	25329248	KATNIP	NC_037352.1
LOC101905014	+	25837611	25838238	LOC101905014	NC_037352.1
RABEP2	+	25917030	25929298	RABEP2	NC_037352.1
LOC101908406	+	25948040	25950676	LOC101908406	NC_037352.1
TUFM	+	25967782	25971737	TUFM	NC_037352.1
SGF29	+	26093202	26123452	SGF29	NC_037352.1
BOLA2B	+	26126644	26134541	BOLA2B	NC_037352.1
MAPK3	+	26179073	26186189	MAPK3	NC_037352.1
GDPD3	+	26186183	26191907	GDPD3	NC_037352.1
YPEL3	+	26193151	26196516	YPEL3	NC_037352.1
TBX6	+	26197654	26201360	TBX6	NC_037352.1
LOC132343861	+	26226057	26234261	LOC132343861	NC_037352.1
DOC2A	+	26254491	26260487	DOC2A	NC_037352.1
HIRIP3	+	26267918	26271518	HIRIP3	NC_037352.1
SEZ6L2	+	26361832	26382732	SEZ6L2	NC_037352.1
CDIPT	+	26388343	26391769	CDIPT	NC_037352.1
LOC132343859	+	26431690	26435192	LOC132343859	NC_037352.1
LOC614614	+	26543565	26544724	LOC614614	NC_037352.1
MYL11	+	26559395	26561857	MYL11	NC_037352.1
ZNF48	+	26573561	26579633	ZNF48	NC_037352.1
ZNF771	+	26583806	26592181	ZNF771	NC_037352.1
TRNAR-UCG-9	+	26615095	26615167	TRNAR-UCG	NC_037352.1
TRNAR-UCG-10	+	26615804	26615876	TRNAR-UCG	NC_037352.1
PRR14	+	26775921	26781326	PRR14	NC_037352.1
FBRS	+	26782832	26795080	FBRS	NC_037352.1
SRCAP	+	26830180	26860817	SRCAP	NC_037352.1
LOC112444388	+	26838286	26838416	LOC112444388	NC_037352.1
TMEM265	+	26861212	26864357	TMEM265	NC_037352.1
LOC132343901	+	26939130	26961461	LOC132343901	NC_037352.1
CTF1	+	26972131	26976333	CTF1	NC_037352.1
ORAI3	+	27087694	27092739	ORAI3	NC_037352.1
SETD1A	+	27095393	27118753	SETD1A	NC_037352.1
HSD3B7	+	27119070	27122803	HSD3B7	NC_037352.1
STX4	+	27156626	27175038	STX4	NC_037352.1
ZNF646	+	27184453	27194064	ZNF646	NC_037352.1
KAT8	+	27219039	27228735	KAT8	NC_037352.1
LOC107131831	+	27229981	27240222	LOC107131831	NC_037352.1
TRIM72	+	27295781	27306021	TRIM72	NC_037352.1
LOC101904063	+	27398264	27419166	LOC101904063	NC_037352.1
TGFB1I1	+	27503152	27509324	TGFB1I1	NC_037352.1
AHSP	+	27543234	27544133	AHSP	NC_037352.1
OR7A153	+	27579172	27580110	OR7A153	NC_037352.1
MRPS17	+	27653220	27657437	MRPS17	NC_037352.1
NIPSNAP2	+	27661822	27688707	NIPSNAP2	NC_037352.1
TRNAE-CUC-44	+	27696247	27696319	TRNAE-CUC	NC_037352.1
CCT6A	+	27727918	27738084	CCT6A	NC_037352.1
LOC112444387	+	27730678	27730811	LOC112444387	NC_037352.1
SUMF2	+	27738614	27757513	SUMF2	NC_037352.1
VKORC1L1	+	27845185	27904728	VKORC1L1	NC_037352.1
LOC101904377	+	27918818	27989885	LOC101904377	NC_037352.1
CRCP	+	27997740	28047523	CRCP	NC_037352.1
TPST1	+	28071652	28188136	TPST1	NC_037352.1
KCTD7	+	28204658	28215127	KCTD7	NC_037352.1
RABGEF1	+	28249899	28273765	RABGEF1	NC_037352.1
TMEM248	+	28278386	28320716	TMEM248	NC_037352.1
TYW1	+	28378779	28524743	TYW1	NC_037352.1
CALN1	+	28636197	29098356	CALN1	NC_037352.1
MIR2386	+	29242217	29242291	MIR2386	NC_037352.1
LOC112444308	+	29983232	29992409	LOC112444308	NC_037352.1
LOC112444317	+	31129027	31150256	LOC112444317	NC_037352.1
TRNAE-CUC-45	+	32127331	32127403	TRNAE-CUC	NC_037352.1
CASTOR2	+	32610623	32665116	CASTOR2	NC_037352.1
GTF2IRD2	+	32703608	32750401	GTF2IRD2	NC_037352.1
LOC132343869	+	32877043	32884739	LOC132343869	NC_037352.1
LOC107131856	+	33145646	33151959	LOC107131856	NC_037352.1
RFC2	+	33161500	33175540	RFC2	NC_037352.1
METTL27	+	33472526	33476865	METTL27	NC_037352.1
ABHD11	+	33530922	33533358	ABHD11	NC_037352.1
STX1A	+	33543223	33561033	STX1A	NC_037352.1
DNAJC30	+	33573617	33576738	DNAJC30	NC_037352.1
MLXIPL	+	33613946	33632435	MLXIPL	NC_037352.1
TBL2	+	33639589	33647226	TBL2	NC_037352.1
BCL7B	+	33651502	33669371	BCL7B	NC_037352.1
BAZ1B	+	33673612	33729479	BAZ1B	NC_037352.1
TRIM50	+	33808726	33816136	TRIM50	NC_037352.1
LOC104975906	+	33844411	33854002	LOC104975906	NC_037352.1
TRNAG-GCC-48	+	34092399	34092471	TRNAG-GCC	NC_037352.1
POR	+	34188053	34213377	POR	NC_037352.1
MDH2	+	34254272	34267804	MDH2	NC_037352.1
SRRM3	+	34284159	34337310	SRRM3	NC_037352.1
HSPB1	+	34345420	34347022	HSPB1	NC_037352.1
TRNAE-UUC-126	+	34503517	34503588	TRNAE-UUC	NC_037352.1
UPK3BL2	+	34519527	34524688	UPK3BL2	NC_037352.1
RASA4B	+	34549766	34572240	RASA4B	NC_037352.1
POLR2J	+	34576781	34581157	POLR2J	NC_037352.1
ALKBH4	+	34587931	34595373	ALKBH4	NC_037352.1
LOC104970450	+	34605995	34636569	LOC104970450	NC_037352.1
LOC132343872	+	35149115	35158985	LOC132343872	NC_037352.1
MYL10	+	35182002	35190872	MYL10	NC_037352.1
LOC104970468	+	35381943	35387876	LOC104970468	NC_037352.1
IFT22	+	35409987	35414994	IFT22	NC_037352.1
CLDN15	+	35463326	35468707	CLDN15	NC_037352.1
PLOD3	+	35480306	35488240	PLOD3	NC_037352.1
NAT16	+	35560671	35568275	NAT16	NC_037352.1
LOC132343873	+	35569047	35574238	LOC132343873	NC_037352.1
ACHE	+	35763124	35768960	ACHE	NC_037352.1
EPHB4	+	35810493	35827437	EPHB4	NC_037352.1
LOC132343874	+	35866395	35882871	LOC132343874	NC_037352.1
GIGYF1	+	35894604	35909566	GIGYF1	NC_037352.1
ACTL6B	+	35923249	35933434	ACTL6B	NC_037352.1
TFR2	+	35934656	35946168	TFR2	NC_037352.1
SAP25	+	35982473	35984224	SAP25	NC_037352.1
TSC22D4	+	36076828	36087443	TSC22D4	NC_037352.1
PPP1R35	+	36106542	36107783	PPP1R35	NC_037352.1
LOC101903853	+	36184150	36204679	LOC101903853	NC_037352.1
GPC2	+	36234713	36241079	GPC2	NC_037352.1
GAL3ST4	+	36241705	36247358	GAL3ST4	NC_037352.1
TRAPPC14	+	36247584	36251988	TRAPPC14	NC_037352.1
LOC101903891	+	36263431	36283749	LOC101903891	NC_037352.1
LOC617785	+	36307589	36322788	LOC617785	NC_037352.1
TAF6	+	36337997	36345322	TAF6	NC_037352.1
MIR106B	+	36355563	36355642	MIR106B	NC_037352.1
MIR93	+	36355766	36355842	MIR93	NC_037352.1
MIR25	+	36355966	36356049	MIR25	NC_037352.1
ZNF3	+	36368986	36377878	ZNF3	NC_037352.1
GJC3	+	36459558	36466244	GJC3	NC_037352.1
TRIM4	+	36470526	36491277	TRIM4	NC_037352.1
LOC132343904	+	36688297	36708508	LOC132343904	NC_037352.1
LOC112444278	+	36820333	36838745	LOC112444278	NC_037352.1
ZNF789	+	36857588	36881494	ZNF789	NC_037352.1
ZNF394	+	36906535	36923698	ZNF394	NC_037352.1
PTCD1	+	36971817	36983650	PTCD1	NC_037352.1
LOC101904992	+	37017746	37035269	LOC101904992	NC_037352.1
KPNA7	+	37123013	37150162	KPNA7	NC_037352.1
TMEM130	+	37361292	37377631	TMEM130	NC_037352.1
LOC132343878	+	37512242	37531802	LOC132343878	NC_037352.1
LOC112444336	+	37617114	37624702	LOC112444336	NC_037352.1
BAIAP2L1	+	37655809	37736191	BAIAP2L1	NC_037352.1
TECPR1	+	37765500	37794109	TECPR1	NC_037352.1
OCM	+	37945257	37950480	OCM	NC_037352.1
CCZ1	+	37964318	37980279	CCZ1	NC_037352.1
AIMP2	+	38030392	38038516	AIMP2	NC_037352.1
ANKRD61	+	38044044	38047838	ANKRD61	NC_037352.1
USP42	+	38074141	38130905	USP42	NC_037352.1
LOC132343907	+	38224604	38225848	LOC132343907	NC_037352.1
LOC112444304	+	38253868	38259145	LOC112444304	NC_037352.1
RAC1	+	38278421	38297359	RAC1	NC_037352.1
LOC101908535	+	38304885	38325730	LOC101908535	NC_037352.1
ZDHHC4	+	38409191	38417820	ZDHHC4	NC_037352.1
INTS15	+	38418927	38430419	INTS15	NC_037352.1
ZNF316	+	38439534	38473070	ZNF316	NC_037352.1
LOC100140207	+	38491971	38502884	LOC100140207	NC_037352.1
TRNAG-UCC-136	+	38761787	38761859	TRNAG-UCC	NC_037352.1
LOC100196899	+	38764287	38765002	LOC100196899	NC_037352.1
FBXL18	+	38810068	38836391	FBXL18	NC_037352.1
MMD2	+	39065601	39131645	MMD2	NC_037352.1
RADIL	+	39065606	39189390	RADIL	NC_037352.1
MIR2390	+	40099589	40099660	MIR2390	NC_037352.1
CARD11	+	40415994	40523004	CARD11	NC_037352.1
GNA12	+	40553009	40630351	GNA12	NC_037352.1
IQCE	+	40672585	40712781	IQCE	NC_037352.1
GRIFIN	+	40800339	40801701	GRIFIN	NC_037352.1
MIR12019	+	40881730	40881805	MIR12019	NC_037352.1
SNX8	+	40930412	40969289	SNX8	NC_037352.1
MAD1L1	+	40984697	41222679	MAD1L1	NC_037352.1
LOC112444330	+	41325973	41329989	LOC112444330	NC_037352.1
PSMG3	+	41386254	41387989	PSMG3	NC_037352.1
TMEM184A	+	41391488	41402062	TMEM184A	NC_037352.1
MICALL2	+	41461259	41480270	MICALL2	NC_037352.1
LOC132343890	+	41510538	41513718	LOC132343890	NC_037352.1
LOC107131853	+	41571808	41576866	LOC107131853	NC_037352.1
LOC112444286	+	41627625	41657764	LOC112444286	NC_037352.1
ZFAND2A	+	41664307	41672227	ZFAND2A	NC_037352.1
C25H7orf50	+	41677850	41745278	C25H7orf50	NC_037352.1
MIR2389	+	41724882	41724963	MIR2389	NC_037352.1
LOC132343891	+	41752613	41756982	LOC132343891	NC_037352.1
COX19	+	41758504	41764394	COX19	NC_037352.1
ADAP1	+	41771139	41806370	ADAP1	NC_037352.1
PDGFA	+	42009812	42030408	PDGFA	NC_037352.1
TRNAS-GGA-106	+	42228173	42228244	TRNAS-GGA	NC_037352.1
OR5D18	+	401778	402719	OR5D18	NC_037353.1
LOC101903496	+	424013	424816	LOC101903496	NC_037353.1
IPMK	+	765301	819755	IPMK	NC_037353.1
LOC132343996	+	1375526	1399659	LOC132343996	NC_037353.1
ZWINT	+	2809079	2813939	ZWINT	NC_037353.1
PCDH15	+	4509054	5569297	PCDH15	NC_037353.1
MBL2	+	6332002	6337539	MBL2	NC_037353.1
LOC112444544	+	6761343	6761449	LOC112444544	NC_037353.1
LOC132343933	+	6778569	6808039	LOC132343933	NC_037353.1
LOC112444473	+	7904574	7905245	LOC112444473	NC_037353.1
TRNAC-ACA-212	+	7941212	7941283	TRNAC-ACA	NC_037353.1
LOC104975938	+	8906687	8907761	LOC104975938	NC_037353.1
PAPSS2	+	9258640	9372178	PAPSS2	NC_037353.1
LOC101902784	+	9420251	9435983	LOC101902784	NC_037353.1
TRNAS-GGA-107	+	9710825	9710896	TRNAS-GGA	NC_037353.1
LIPJ	+	10177259	10215293	LIPJ	NC_037353.1
LOC112444516	+	10220221	10264067	LOC112444516	NC_037353.1
LIPF	+	10341908	10355941	LIPF	NC_037353.1
LIPK	+	10385427	10427534	LIPK	NC_037353.1
LIPN	+	10440630	10462034	LIPN	NC_037353.1
LIPM	+	10485267	10505439	LIPM	NC_037353.1
LOC104975941	+	10752900	10782959	LOC104975941	NC_037353.1
IFIT2	+	11028758	11036942	IFIT2	NC_037353.1
LOC100139670	+	11068330	11078142	LOC100139670	NC_037353.1
IFIT5	+	11081800	11091762	IFIT5	NC_037353.1
LOC100847358	+	11204968	11217183	LOC100847358	NC_037353.1
LOC132343937	+	11619812	11774771	LOC132343937	NC_037353.1
LOC783803	+	11778556	11779477	LOC783803	NC_037353.1
LOC112444553	+	11913227	11913287	LOC112444553	NC_037353.1
MIR2895	+	11974592	11974677	MIR2895	NC_037353.1
RPP30	+	12493179	12521100	RPP30	NC_037353.1
PCGF5	+	12777507	12900080	PCGF5	NC_037353.1
HECTD2	+	13027388	13101803	HECTD2	NC_037353.1
TNKS2	+	13348016	13413423	TNKS2	NC_037353.1
BTAF1	+	13454524	13542308	BTAF1	NC_037353.1
MARCHF5	+	13778743	13829856	MARCHF5	NC_037353.1
KIF11	+	14005804	14051168	KIF11	NC_037353.1
HHEX	+	14075882	14081683	HHEX	NC_037353.1
CYP26C1	+	14401823	14411376	CYP26C1	NC_037353.1
CYP26A1	+	14416061	14419635	CYP26A1	NC_037353.1
CEP55	+	14824009	14848792	CEP55	NC_037353.1
FFAR4	+	14871804	14893035	FFAR4	NC_037353.1
PDE6C	+	14911696	14964881	PDE6C	NC_037353.1
LOC112444477	+	15152150	15155665	LOC112444477	NC_037353.1
LOC112444479	+	15158622	15162594	LOC112444479	NC_037353.1
ASMTL	+	15165043	15185593	ASMTL	NC_037353.1
SLC25A6	+	15191007	15195490	SLC25A6	NC_037353.1
SLC35G1	+	15375105	15399449	SLC35G1	NC_037353.1
PLCE1	+	15469822	15850186	PLCE1	NC_037353.1
LOC112444551	+	15479068	15479174	LOC112444551	NC_037353.1
TBC1D12	+	15877187	15996458	TBC1D12	NC_037353.1
LOC132343941	+	15900153	15940767	LOC132343941	NC_037353.1
HELLS	+	16001963	16043962	HELLS	NC_037353.1
CYP2C90	+	16076048	16117385	CYP2C90	NC_037353.1
CYP2C87	+	16148298	16208918	CYP2C87	NC_037353.1
CYP2C85	+	16273343	16301571	CYP2C85	NC_037353.1
CYP2C88	+	16373093	16427729	CYP2C88	NC_037353.1
LOC101903400	+	16780842	16842421	LOC101903400	NC_037353.1
LOC132343942	+	16912019	16920957	LOC132343942	NC_037353.1
CC2D2B	+	17295728	17402916	CC2D2B	NC_037353.1
CCNJ	+	17413487	17431419	CCNJ	NC_037353.1
DNTT	+	17644953	17677644	DNTT	NC_037353.1
LCOR	+	18133237	18266773	LCOR	NC_037353.1
LOC132343944	+	18513455	18514261	LOC132343944	NC_037353.1
FRAT1	+	18565286	18571258	FRAT1	NC_037353.1
PGAM1	+	18649174	18655669	PGAM1	NC_037353.1
ZDHHC16	+	18664189	18673473	ZDHHC16	NC_037353.1
UBTD1	+	18710036	18760653	UBTD1	NC_037353.1
HOGA1	+	18771726	18793257	HOGA1	NC_037353.1
PI4K2A	+	18819244	18845949	PI4K2A	NC_037353.1
MARVELD1	+	18867898	18872335	MARVELD1	NC_037353.1
ZFYVE27	+	18885401	18907970	ZFYVE27	NC_037353.1
LOC112444518	+	19385195	19387623	LOC112444518	NC_037353.1
LOC132343946	+	20258115	20263590	LOC132343946	NC_037353.1
NKX2-3	+	20530823	20534371	NKX2-3	NC_037353.1
ENTPD7	+	20623279	20662424	ENTPD7	NC_037353.1
ABCC2	+	20744039	20819108	ABCC2	NC_037353.1
LOC112444561	+	20886585	20886727	LOC112444561	NC_037353.1
LOC112444557	+	20886795	20886877	LOC112444557	NC_037353.1
LOC101906134	+	21188587	21190447	LOC101906134	NC_037353.1
SCD	+	21263976	21279185	SCD	NC_037353.1
HIF1AN	+	21422732	21431815	HIF1AN	NC_037353.1
PAX2	+	21590077	21681096	PAX2	NC_037353.1
SEMA4G	+	21809162	21822830	SEMA4G	NC_037353.1
LZTS2	+	21832613	21842541	LZTS2	NC_037353.1
SFXN3	+	21863763	21887416	SFXN3	NC_037353.1
KAZALD1	+	21891926	21900146	KAZALD1	NC_037353.1
LOC132343949	+	21966322	21969149	LOC132343949	NC_037353.1
LOC100847491	+	22080784	22098339	LOC100847491	NC_037353.1
DPCD	+	22334789	22356876	DPCD	NC_037353.1
LOC101908075	+	22439935	22479722	LOC101908075	NC_037353.1
PPRC1	+	22791947	22818924	PPRC1	NC_037353.1
NOLC1	+	22820386	22829197	NOLC1	NC_037353.1
TRNAR-CCU-38	+	22861413	22861485	TRNAR-CCU	NC_037353.1
GBF1	+	22889356	23012954	GBF1	NC_037353.1
SUFU	+	23107772	23247245	SUFU	NC_037353.1
TRIM8	+	23263628	23279452	TRIM8	NC_037353.1
MIR2392	+	23338826	23338896	MIR2392	NC_037353.1
WBP1L	+	23347602	23406167	WBP1L	NC_037353.1
CNNM2	+	23551257	23735886	CNNM2	NC_037353.1
INA	+	23887978	23900124	INA	NC_037353.1
TAF5	+	23967677	23982420	TAF5	NC_037353.1
PDCD11	+	23987876	24028890	PDCD11	NC_037353.1
NEURL1	+	24085531	24160150	NEURL1	NC_037353.1
SLK	+	24528032	24590186	SLK	NC_037353.1
LOC785216	+	24799702	24812990	LOC785216	NC_037353.1
GSTO1	+	24827964	24836182	GSTO1	NC_037353.1
GSTO2	+	24836279	24858234	GSTO2	NC_037353.1
CFAP58	+	24911930	25022118	CFAP58	NC_037353.1
MIR2393	+	25095398	25095451	MIR2393	NC_037353.1
LOC104972581	+	25539865	25540830	LOC104972581	NC_037353.1
OR6AE1	+	25576864	25578270	OR6AE1	NC_037353.1
SPRN	+	25583946	25598157	SPRN	NC_037353.1
ECHS1	+	25629604	25638735	ECHS1	NC_037353.1
FUOM	+	25645862	25648861	FUOM	NC_037353.1
CALY	+	25666546	25677469	CALY	NC_037353.1
LOC132343931	+	25680194	25683903	LOC132343931	NC_037353.1
TUBGCP2	+	25714402	25731506	TUBGCP2	NC_037353.1
LOC101903854	+	25745469	25753638	LOC101903854	NC_037353.1
MIR202	+	25761610	25761708	MIR202	NC_037353.1
TRNAW-CCA-146	+	27592194	27592265	TRNAW-CCA	NC_037353.1
LOC132343998	+	27872657	27873377	LOC132343998	NC_037353.1
MIR2285K-4	+	29166468	29166540	MIR2285K-4	NC_037353.1
TRNAG-UCC-139	+	30412824	30412896	TRNAG-UCC	NC_037353.1
LOC107131885	+	30744200	30778874	LOC107131885	NC_037353.1
MXI1	+	30781023	30873491	MXI1	NC_037353.1
DUSP5	+	31063686	31076459	DUSP5	NC_037353.1
SMC3	+	31124268	31162349	SMC3	NC_037353.1
RBM20	+	31202078	31399463	RBM20	NC_037353.1
PDCD4	+	31436457	31463096	PDCD4	NC_037353.1
MIR6524	+	31451966	31452046	MIR6524	NC_037353.1
MIR4680	+	31462433	31462508	MIR4680	NC_037353.1
ADRA2A	+	31588637	31589998	ADRA2A	NC_037353.1
LOC112441478	+	31599866	31630008	LOC112441478	NC_037353.1
ACSL5	+	32906427	32957884	ACSL5	NC_037353.1
VTI1A	+	32977036	33359393	VTI1A	NC_037353.1
TCF7L2	+	33466304	33668681	TCF7L2	NC_037353.1
HABP2	+	34026815	34062274	HABP2	NC_037353.1
CASP7	+	34146851	34188250	CASP7	NC_037353.1
PLEKHS1	+	34215437	34242461	PLEKHS1	NC_037353.1
NHLRC2	+	34307219	34362850	NHLRC2	NC_037353.1
ADRB1	+	34512662	34538131	ADRB1	NC_037353.1
LOC132343964	+	34561549	34570125	LOC132343964	NC_037353.1
VWA2	+	34704379	34755667	VWA2	NC_037353.1
FHIP2A	+	35277610	35312299	FHIP2A	NC_037353.1
TRUB1	+	35387490	35420382	TRUB1	NC_037353.1
ATRNL1	+	35537427	36353044	ATRNL1	NC_037353.1
CCDC172	+	36749674	36807371	CCDC172	NC_037353.1
PNLIPRP3	+	36856484	36900459	PNLIPRP3	NC_037353.1
PNLIPRP2	+	37019951	37039831	PNLIPRP2	NC_037353.1
ENO4	+	37239193	37268612	ENO4	NC_037353.1
KCNK18	+	37525501	37538377	KCNK18	NC_037353.1
SLC18A2	+	37562825	37602785	SLC18A2	NC_037353.1
EMX2	+	37830528	37837034	EMX2	NC_037353.1
LOC132343965	+	37947925	37950828	LOC132343965	NC_037353.1
LOC112444511	+	38519353	38529690	LOC112444511	NC_037353.1
TRNAG-CCC-220	+	39098710	39098782	TRNAG-CCC	NC_037353.1
DENND10	+	39291995	39309567	DENND10	NC_037353.1
GRK5	+	39360272	39588332	GRK5	NC_037353.1
BAG3	+	39775458	39798895	BAG3	NC_037353.1
INPP5F	+	39852076	39946249	INPP5F	NC_037353.1
SEC23IP	+	40001663	40041185	SEC23IP	NC_037353.1
PLPP4	+	40509729	40656785	PLPP4	NC_037353.1
LOC132343967	+	41019210	41037381	LOC132343967	NC_037353.1
LOC132343968	+	41513909	41518305	LOC132343968	NC_037353.1
ATE1OS	+	41825860	41835823	ATE1OS	NC_037353.1
LOC132343969	+	41851766	41854284	LOC132343969	NC_037353.1
TACC2	+	41877629	42112627	TACC2	NC_037353.1
LOC132343970	+	42035185	42046227	LOC132343970	NC_037353.1
MIR2396	+	42109615	42109683	MIR2396	NC_037353.1
BTBD16	+	42116915	42173441	BTBD16	NC_037353.1
PLEKHA1	+	42206786	42261341	PLEKHA1	NC_037353.1
DMBT1	+	42390383	42492218	DMBT1	NC_037353.1
MIR10225B	+	42411042	42411100	MIR10225B	NC_037353.1
LOC100295703	+	42503214	42511507	LOC100295703	NC_037353.1
SPADH1	+	42549963	42557922	SPADH1	NC_037353.1
LOC617705	+	42607465	42690008	LOC617705	NC_037353.1
LOC132343973	+	42675129	42676344	LOC132343973	NC_037353.1
LOC510536	+	42705559	42724852	LOC510536	NC_037353.1
FAM24A	+	42729531	42732365	FAM24A	NC_037353.1
ACADSB	+	42805989	42858259	ACADSB	NC_037353.1
LOC112444541	+	42886341	42886447	LOC112444541	NC_037353.1
HMX3	+	42929603	42934057	HMX3	NC_037353.1
HMX2	+	42935677	42944176	HMX2	NC_037353.1
LOC112444520	+	43700625	43703917	LOC112444520	NC_037353.1
LOC104970831	+	43818503	43832824	LOC104970831	NC_037353.1
LOC132343976	+	44036810	44045367	LOC132343976	NC_037353.1
LHPP	+	44097549	44224863	LHPP	NC_037353.1
LOC132343977	+	44225310	44229011	LOC132343977	NC_037353.1
ABRAXAS2	+	44381768	44410583	ABRAXAS2	NC_037353.1
ZRANB1	+	44470387	44545455	ZRANB1	NC_037353.1
LOC132343991	+	44705241	44709570	LOC132343991	NC_037353.1
LOC112444501	+	44753786	44761859	LOC112444501	NC_037353.1
LOC112444497	+	44796568	44805397	LOC112444497	NC_037353.1
LOC112444517	+	45186751	45196820	LOC112444517	NC_037353.1
LOC101902174	+	45293851	45297033	LOC101902174	NC_037353.1
BCCIP	+	45324679	45341332	BCCIP	NC_037353.1
LOC112444540	+	45372847	45372953	LOC112444540	NC_037353.1
LOC107131896	+	45512367	45518621	LOC107131896	NC_037353.1
LOC132343993	+	45902090	45926637	LOC132343993	NC_037353.1
LOC104976004	+	45960223	45970335	LOC104976004	NC_037353.1
DOCK1	+	46392205	46948738	DOCK1	NC_037353.1
NPS	+	47035822	47040033	NPS	NC_037353.1
FOXI2	+	47189667	47191278	FOXI2	NC_037353.1
TRNAC-GCA-213	+	47211310	47211381	TRNAC-GCA	NC_037353.1
PTPRE	+	47456111	47502971	PTPRE	NC_037353.1
LOC101903141	+	47683854	47688415	LOC101903141	NC_037353.1
LOC104976009	+	47923881	47931859	LOC104976009	NC_037353.1
LOC132343981	+	48074840	48087095	LOC132343981	NC_037353.1
MIR2397	+	49394362	49394435	MIR2397	NC_037353.1
LOC112444512	+	49562222	49571265	LOC112444512	NC_037353.1
LOC132343984	+	50083364	50086849	LOC132343984	NC_037353.1
SYCE1	+	50136662	50141643	SYCE1	NC_037353.1
LOC132343985	+	50334194	50336384	LOC132343985	NC_037353.1
TRNAC-GCA-215	+	50441293	50441365	TRNAC-GCA	NC_037353.1
LOC132344002	+	50789831	50791522	LOC132344002	NC_037353.1
NKX6-2	+	50934046	50935597	NKX6-2	NC_037353.1
LOC132343990	+	51787658	51792277	LOC132343990	NC_037353.1
LRRC27	+	51935273	51962993	LRRC27	NC_037353.1
PWWP2B	+	51975345	51984885	PWWP2B	NC_037353.1
LOC100848264	+	73510	114771	LOC100848264	NC_037354.1
LOC787624	+	119850	176389	LOC787624	NC_037354.1
LOC132344025	+	122235	124637	LOC132344025	NC_037354.1
LOC132344026	+	176432	194256	LOC132344026	NC_037354.1
DLGAP2	+	580653	1183709	DLGAP2	NC_037354.1
LOC112444581	+	757447	789961	LOC112444581	NC_037354.1
CLN8	+	1195748	1262788	CLN8	NC_037354.1
LOC100847320	+	1280894	1289866	LOC100847320	NC_037354.1
ARHGEF10	+	1347285	1408921	ARHGEF10	NC_037354.1
KBTBD11	+	1414153	1435389	KBTBD11	NC_037354.1
LOC112444582	+	2152306	2164069	LOC112444582	NC_037354.1
LOC132344029	+	3723847	3744095	LOC132344029	NC_037354.1
LOC782601	+	4285045	4288115	LOC782601	NC_037354.1
LOC788501	+	4655995	4656435	LOC788501	NC_037354.1
TRNAG-CCC-223	+	5350550	5350622	TRNAG-CCC	NC_037354.1
MCPH1	+	5446157	5686226	MCPH1	NC_037354.1
TRNAC-GCA-218	+	5671078	5671149	TRNAC-GCA	NC_037354.1
LOC112444663	+	5807960	5808065	LOC112444663	NC_037354.1
AGPAT5	+	5810035	5857909	AGPAT5	NC_037354.1
LOC101904680	+	5968890	5971420	LOC101904680	NC_037354.1
LOC107131899	+	5989946	5999624	LOC107131899	NC_037354.1
LOC100296624	+	6081983	6084568	LOC100296624	NC_037354.1
LOC100296670	+	6091024	6095067	LOC100296670	NC_037354.1
LOC112444619	+	6183672	6196661	LOC112444619	NC_037354.1
LOC112444618	+	6187493	6188359	LOC112444618	NC_037354.1
LAP	+	6234006	6235870	LAP	NC_037354.1
LOC132344036	+	6270226	6272137	LOC132344036	NC_037354.1
LOC112444639	+	6333008	6338577	LOC112444639	NC_037354.1
LOC100296035	+	6432334	6433595	LOC100296035	NC_037354.1
LOC101907227	+	6474917	6483995	LOC101907227	NC_037354.1
DEFB10	+	6596623	6598299	DEFB10	NC_037354.1
LOC112444641	+	6603138	6611132	LOC112444641	NC_037354.1
LOC132344042	+	6646769	6647275	LOC132344042	NC_037354.1
DEFB7	+	6676383	6678273	DEFB7	NC_037354.1
LOC132344039	+	6682822	6708595	LOC132344039	NC_037354.1
DEFB1	+	6721772	6723692	DEFB1	NC_037354.1
LOC132344086	+	6839910	6841544	LOC132344086	NC_037354.1
LOC132344087	+	6855407	6856855	LOC132344087	NC_037354.1
LOC132344037	+	6866524	6869580	LOC132344037	NC_037354.1
DEFB	+	6956381	6964238	DEFB	NC_037354.1
LOC112444645	+	7061656	7062528	LOC112444645	NC_037354.1
LOC132344035	+	7064213	7065387	LOC132344035	NC_037354.1
DEFB4A	+	7138963	7140882	DEFB4A	NC_037354.1
EBD	+	7165176	7180426	EBD	NC_037354.1
LOC112444646	+	7185134	7203216	LOC112444646	NC_037354.1
LOC100848114	+	7211584	7228086	LOC100848114	NC_037354.1
LOC101907165	+	7262103	7270492	LOC101907165	NC_037354.1
DEFB108B	+	7272718	7275824	DEFB108B	NC_037354.1
LOC112444617	+	7281972	7289255	LOC112444617	NC_037354.1
LOC132344043	+	7337379	7340375	LOC132344043	NC_037354.1
WDR17	+	7631354	7701066	WDR17	NC_037354.1
SPCS3	+	7777104	7786133	SPCS3	NC_037354.1
TRNAR-GCG-20	+	8334611	8334682	TRNAR-GCG	NC_037354.1
LOC112444624	+	8421918	8423535	LOC112444624	NC_037354.1
NEIL3	+	8574871	8621182	NEIL3	NC_037354.1
LOC101904157	+	8661213	8689158	LOC101904157	NC_037354.1
LOC132344089	+	9529347	9538692	LOC132344089	NC_037354.1
LOC112444670	+	10396247	10396369	LOC112444670	NC_037354.1
TRNAW-CCA-148	+	12354688	12354759	TRNAW-CCA	NC_037354.1
TENM3	+	12751944	13774438	TENM3	NC_037354.1
WWC2	+	14019557	14172278	WWC2	NC_037354.1
CDKN2AIP	+	14260397	14263949	CDKN2AIP	NC_037354.1
ING2	+	14301797	14308918	ING2	NC_037354.1
TRAPPC11	+	14375306	14414605	TRAPPC11	NC_037354.1
STOX2	+	14457714	14656562	STOX2	NC_037354.1
LOC101904332	+	14673509	14707733	LOC101904332	NC_037354.1
LOC112444593	+	14955092	14959893	LOC112444593	NC_037354.1
PRIMPOL	+	15072999	15119500	PRIMPOL	NC_037354.1
SLC25A4	+	15489566	15493429	SLC25A4	NC_037354.1
LOC112444631	+	15509791	15516170	LOC112444631	NC_037354.1
SNX25	+	15529613	15621603	SNX25	NC_037354.1
ANKRD37	+	15651386	15654052	ANKRD37	NC_037354.1
CFAP96	+	15673706	15688753	CFAP96	NC_037354.1
LOC112444648	+	15997795	16082316	LOC112444648	NC_037354.1
TLR3	+	16176274	16187572	TLR3	NC_037354.1
TRNAC-GCA-221	+	16234137	16234208	TRNAC-GCA	NC_037354.1
CYP4V2	+	16250292	16266699	CYP4V2	NC_037354.1
F11	+	16294235	16313378	F11	NC_037354.1
LOC132344050	+	16314667	16345534	LOC132344050	NC_037354.1
LOC112444655	+	17339095	17339310	LOC112444655	NC_037354.1
ZFP42	+	17564552	17566118	ZFP42	NC_037354.1
TRIML1	+	17666005	17672948	TRIML1	NC_037354.1
TRNAC-GCA-222	+	18461583	18461655	TRNAC-GCA	NC_037354.1
LOC112444676	+	19186465	19186541	LOC112444676	NC_037354.1
LOC112444675	+	19186649	19186721	LOC112444675	NC_037354.1
FGL1	+	19352214	19406137	FGL1	NC_037354.1
LOC104976061	+	19709942	19713878	LOC104976061	NC_037354.1
LOC112444585	+	19729054	19736199	LOC112444585	NC_037354.1
MTMR7	+	19847939	19948595	MTMR7	NC_037354.1
LOC100296401	+	19959437	19959721	LOC100296401	NC_037354.1
CNOT7	+	19986516	20001559	CNOT7	NC_037354.1
TRNAC-ACA-216	+	20899114	20899186	TRNAC-ACA	NC_037354.1
LOC515227	+	21780928	21787850	LOC515227	NC_037354.1
SGCZ	+	22795699	22973947	SGCZ	NC_037354.1
TRNAC-GCA-223	+	22830930	22831001	TRNAC-GCA	NC_037354.1
LOC132344091	+	22918494	22925659	LOC132344091	NC_037354.1
DLC1	+	23395852	23918133	DLC1	NC_037354.1
TRNAG-UCC-141	+	23851395	23851467	TRNAG-UCC	NC_037354.1
LONRF1	+	24235772	24281820	LONRF1	NC_037354.1
TRNAC-ACA-218	+	24242061	24242132	TRNAC-ACA	NC_037354.1
LOC100848853	+	24471168	24525189	LOC100848853	NC_037354.1
CLDN23	+	24739701	24742117	CLDN23	NC_037354.1
TRNAG-UCC-142	+	24879472	24879544	TRNAG-UCC	NC_037354.1
LOC132344055	+	24975690	24998287	LOC132344055	NC_037354.1
ERI1	+	25061602	25078779	ERI1	NC_037354.1
LOC104976076	+	25121193	25125664	LOC104976076	NC_037354.1
LOC112444659	+	25263951	25264057	LOC112444659	NC_037354.1
LOC132344056	+	25349643	25362386	LOC132344056	NC_037354.1
TNKS	+	25497637	25654276	TNKS	NC_037354.1
LOC132344057	+	25727998	25806637	LOC132344057	NC_037354.1
TRNAE-UUC-131	+	25765924	25765996	TRNAE-UUC	NC_037354.1
LOC101904305	+	25869082	25910961	LOC101904305	NC_037354.1
LOC104976082	+	25935286	25954832	LOC104976082	NC_037354.1
LEPROTL1	+	26280336	26290163	LEPROTL1	NC_037354.1
DCTN6	+	26320484	26342213	DCTN6	NC_037354.1
RBPMS	+	26495469	26698335	RBPMS	NC_037354.1
MIR2399	+	26565754	26565831	MIR2399	NC_037354.1
SMIM18	+	26762613	26769571	SMIM18	NC_037354.1
UBXN8	+	26867669	26885080	UBXN8	NC_037354.1
LOC132344060	+	27031296	27060122	LOC132344060	NC_037354.1
WRN	+	27121027	27248166	WRN	NC_037354.1
NRG1	+	28421153	28655095	NRG1	NC_037354.1
LOC132344061	+	28529426	28529614	LOC132344061	NC_037354.1
TRNAG-GCC-49	+	28538363	28538435	TRNAG-GCC	NC_037354.1
LOC132344092	+	28859188	28865558	LOC132344092	NC_037354.1
MAK16	+	29204702	29214797	MAK16	NC_037354.1
LOC112444678	+	29225719	29225823	LOC112444678	NC_037354.1
LOC112444674	+	30669519	30669655	LOC112444674	NC_037354.1
UNC5D	+	30732560	31370431	UNC5D	NC_037354.1
LOC112444609	+	31651017	31783003	LOC112444609	NC_037354.1
KCNU1	+	32136944	32285005	KCNU1	NC_037354.1
LOC112444612	+	32642830	32707542	LOC112444612	NC_037354.1
ZNF703	+	32978689	32981447	ZNF703	NC_037354.1
ERLIN2	+	33016636	33033830	ERLIN2	NC_037354.1
PLPBP	+	33042540	33052079	PLPBP	NC_037354.1
ADGRA2	+	33069961	33107091	ADGRA2	NC_037354.1
EIF4EBP1	+	33247066	33269505	EIF4EBP1	NC_037354.1
ASH2L	+	33285810	33311649	ASH2L	NC_037354.1
DDHD2	+	33387283	33416173	DDHD2	NC_037354.1
LETM2	+	33527750	33531863	LETM2	NC_037354.1
LOC107131134	+	33531526	33545089	LOC107131134	NC_037354.1
TRNAG-UCC-144	+	33799706	33799778	TRNAG-UCC	NC_037354.1
TRNAG-UCC-146	+	33844984	33845056	TRNAG-UCC	NC_037354.1
TACC1	+	33880262	34010778	TACC1	NC_037354.1
TRNAG-CCC-227	+	33972094	33972166	TRNAG-CCC	NC_037354.1
HTRA4	+	34128053	34143818	HTRA4	NC_037354.1
ADAM9	+	34152261	34242502	ADAM9	NC_037354.1
ADAM32	+	34246127	34420191	ADAM32	NC_037354.1
TRNAR-ACG-28	+	34298741	34298812	TRNAR-ACG	NC_037354.1
LOC100847151	+	34425827	34573801	LOC100847151	NC_037354.1
LOC132344095	+	34749618	34750223	LOC132344095	NC_037354.1
IDO1	+	35027443	35040352	IDO1	NC_037354.1
IDO2	+	35048737	35114702	IDO2	NC_037354.1
GOLGA7	+	36419457	36436498	GOLGA7	NC_037354.1
GINS4	+	36454833	36470326	GINS4	NC_037354.1
LOC132344084	+	36479447	36500068	LOC132344084	NC_037354.1
GPAT4	+	36508852	36539760	GPAT4	NC_037354.1
LOC104976783	+	36675108	36681261	LOC104976783	NC_037354.1
AP3M2	+	37031645	37050493	AP3M2	NC_037354.1
LOC132344067	+	37058167	37062771	LOC132344067	NC_037354.1
IKBKB	+	37127753	37180365	IKBKB	NC_037354.1
LOC101906779	+	37263528	37283042	LOC101906779	NC_037354.1
CHRNB3	+	37466790	37503750	CHRNB3	NC_037354.1
LOC132344070	+	37553485	37559981	LOC132344070	NC_037354.1
HOOK3	+	37591021	37679670	HOOK3	NC_037354.1
FNTA	+	37703749	37727643	FNTA	NC_037354.1
POMK	+	37732017	37749416	POMK	NC_037354.1
CSGALNACT1	+	38058766	38233887	CSGALNACT1	NC_037354.1
LOC112444654	+	38169291	38169455	LOC112444654	NC_037354.1
LOC132344073	+	39315744	39325686	LOC132344073	NC_037354.1
NGLY1	+	40020378	40078732	NGLY1	NC_037354.1
MIR2401	+	40042134	40042208	MIR2401	NC_037354.1
LOC132344075	+	40454960	40461480	LOC132344075	NC_037354.1
THRB	+	41460164	41898594	THRB	NC_037354.1
LOC132344078	+	42014245	42040082	LOC132344078	NC_037354.1
TRNAR-CCG-9	+	42014923	42014995	TRNAR-CCG	NC_037354.1
NKIRAS1	+	42055572	42075371	NKIRAS1	NC_037354.1
LOC112444598	+	42678267	42680756	LOC112444598	NC_037354.1
LOC104976146	+	42797977	42818373	LOC104976146	NC_037354.1
LOC132344080	+	43227865	43302053	LOC132344080	NC_037354.1
TRNAW-CCA-151	+	44529840	44529911	TRNAW-CCA	NC_037354.1
TRNAG-GCC-51	+	44779612	44779682	TRNAG-GCC	NC_037354.1
OR5D14	+	73457	74395	OR5D14	NC_037355.1
OR4A27	+	158308	159219	OR4A27	NC_037355.1
OR5D18K	+	277568	278509	OR5D18K	NC_037355.1
RHOU	+	697339	706885	RHOU	NC_037355.1
LOC132344159	+	1138179	1139631	LOC132344159	NC_037355.1
RAB4A	+	1197453	1239553	RAB4A	NC_037355.1
URB2	+	1577612	1605238	URB2	NC_037355.1
LOC132344112	+	1835383	1842242	LOC132344112	NC_037355.1
LOC132344113	+	2752633	2781329	LOC132344113	NC_037355.1
TRNAC-ACA-219	+	3239005	3239077	TRNAC-ACA	NC_037355.1
LOC132344115	+	3326984	3334311	LOC132344115	NC_037355.1
LOC132344116	+	3375386	3389820	LOC132344116	NC_037355.1
ARV1	+	3714651	3737767	ARV1	NC_037355.1
TRIM67	+	3905758	3963570	TRIM67	NC_037355.1
DISC1	+	4454565	4885249	DISC1	NC_037355.1
LOC112444801	+	4814531	4814652	LOC112444801	NC_037355.1
MIR2285AT-2	+	5285597	5285654	MIR2285AT-2	NC_037355.1
TRNAG-UCC-147	+	5385866	5385938	TRNAG-UCC	NC_037355.1
LOC112444796	+	5556570	5556671	LOC112444796	NC_037355.1
MAP10	+	5675771	5678560	MAP10	NC_037355.1
NTPCR	+	5833236	5871530	NTPCR	NC_037355.1
TRNAC-GCA-224	+	5864091	5864162	TRNAC-GCA	NC_037355.1
KCNK1	+	6451737	6519068	KCNK1	NC_037355.1
TRNAC-ACA-220	+	6608071	6608142	TRNAC-ACA	NC_037355.1
SLC35F3	+	6720734	7155385	SLC35F3	NC_037355.1
LOC132344121	+	7820599	7846278	LOC132344121	NC_037355.1
MIR2402	+	7836588	7836655	MIR2402	NC_037355.1
TRNAG-CCC-229	+	7900988	7901060	TRNAG-CCC	NC_037355.1
LOC132344122	+	7922608	7932359	LOC132344122	NC_037355.1
TBCE	+	8099447	8188439	TBCE	NC_037355.1
TRNAW-CCA-152	+	8273315	8273387	TRNAW-CCA	NC_037355.1
LOC112444788	+	8620553	8620657	LOC112444788	NC_037355.1
GPR137B	+	8841688	8897396	GPR137B	NC_037355.1
LGALS8	+	9161993	9195810	LGALS8	NC_037355.1
ACTN2	+	9324680	9403357	ACTN2	NC_037355.1
MTR	+	9420582	9552895	MTR	NC_037355.1
TRNAE-UUC-133	+	9502655	9502727	TRNAE-UUC	NC_037355.1
LOC132344162	+	9648034	9648881	LOC132344162	NC_037355.1
RYR2	+	9691348	10518983	RYR2	NC_037355.1
MIR2285AG	+	10285148	10285239	MIR2285AG	NC_037355.1
TRNAR-ACG-29	+	12261364	12261436	TRNAR-ACG	NC_037355.1
LOC132344124	+	12732623	12738188	LOC132344124	NC_037355.1
ZNF33B	+	12749077	12848153	ZNF33B	NC_037355.1
ZNF25	+	13022304	13050050	ZNF25	NC_037355.1
ZNF248	+	13128462	13156550	ZNF248	NC_037355.1
BMS1	+	13197780	13229985	BMS1	NC_037355.1
RET	+	13467125	13524201	RET	NC_037355.1
BICC1	+	13971235	14319003	BICC1	NC_037355.1
TRNAG-UCC-148	+	13985303	13985375	TRNAG-UCC	NC_037355.1
TRNAC-ACA-221	+	14088857	14088928	TRNAC-ACA	NC_037355.1
TRNAG-CCC-231	+	14201210	14201282	TRNAG-CCC	NC_037355.1
LOC132344164	+	14608215	14610132	LOC132344164	NC_037355.1
PHYHIPL	+	14787628	14889557	PHYHIPL	NC_037355.1
TRNAC-GCA-226	+	15129264	15129335	TRNAC-GCA	NC_037355.1
LOC132344128	+	15386292	15388552	LOC132344128	NC_037355.1
MIR2403	+	15386293	15386367	MIR2403	NC_037355.1
LOC112444794	+	16307032	16307136	LOC112444794	NC_037355.1
CDK1	+	16488151	16539563	CDK1	NC_037355.1
LOC132344129	+	16622223	16632485	LOC132344129	NC_037355.1
LOC132344130	+	17264242	17265442	LOC132344130	NC_037355.1
CABCOCO1	+	17588160	17760029	CABCOCO1	NC_037355.1
LOC112444742	+	17771978	17776866	LOC112444742	NC_037355.1
TRNAG-CCC-232	+	17886797	17886869	TRNAG-CCC	NC_037355.1
ARID5B	+	17916558	18109437	ARID5B	NC_037355.1
ZNF365	+	18471343	18497017	ZNF365	NC_037355.1
ADO	+	18928659	18933014	ADO	NC_037355.1
TRNAG-CCC-233	+	19020071	19020143	TRNAG-CCC	NC_037355.1
NRBF2	+	19034283	19302759	NRBF2	NC_037355.1
REEP3	+	19630094	19729533	REEP3	NC_037355.1
LOC132344135	+	22694957	22748664	LOC132344135	NC_037355.1
LRRTM3	+	23360483	23577277	LRRTM3	NC_037355.1
LOC112444798	+	24132577	24132719	LOC112444798	NC_037355.1
TRNAS-UGA-5	+	24216133	24216214	TRNAS-UGA	NC_037355.1
TRNAC-ACA-222	+	24230236	24230307	TRNAC-ACA	NC_037355.1
MYPN	+	24573898	24688010	MYPN	NC_037355.1
TET1	+	24907396	25044214	TET1	NC_037355.1
LOC112444799	+	24944471	24944604	LOC112444799	NC_037355.1
CCAR1	+	25046820	25093469	CCAR1	NC_037355.1
LOC112444806	+	25071165	25071229	LOC112444806	NC_037355.1
STOX1	+	25111884	25171619	STOX1	NC_037355.1
DDX50	+	25178297	25211518	DDX50	NC_037355.1
DDX21	+	25219711	25243113	DDX21	NC_037355.1
KIFBP	+	25248020	25302698	KIFBP	NC_037355.1
SRGN	+	25474775	25490574	SRGN	NC_037355.1
LOC112444803	+	25485952	25486031	LOC112444803	NC_037355.1
VPS26A	+	25526476	25551761	VPS26A	NC_037355.1
SUPV3L1	+	25555662	25581080	SUPV3L1	NC_037355.1
HKDC1	+	25595248	25655837	HKDC1	NC_037355.1
TSPAN15	+	25803117	25855705	TSPAN15	NC_037355.1
FAM241B	+	25944626	25947529	FAM241B	NC_037355.1
COL13A1	+	26095666	26248051	COL13A1	NC_037355.1
MACROH2A2	+	26293095	26345875	MACROH2A2	NC_037355.1
LOC101903896	+	26395923	26417520	LOC101903896	NC_037355.1
LOC112444741	+	26820686	26826164	LOC112444741	NC_037355.1
ADAMTS14	+	26827316	26922566	ADAMTS14	NC_037355.1
SGPL1	+	26973114	27026786	SGPL1	NC_037355.1
LOC132344141	+	27103012	27141872	LOC132344141	NC_037355.1
UNC5B	+	27352185	27440538	UNC5B	NC_037355.1
SLC29A3	+	27454069	27499259	SLC29A3	NC_037355.1
CDH23	+	27503563	27963944	CDH23	NC_037355.1
CHST3	+	28064380	28102331	CHST3	NC_037355.1
LOC104969714	+	28137052	28144700	LOC104969714	NC_037355.1
DDIT4	+	28323892	28325923	DDIT4	NC_037355.1
LOC107131941	+	28358755	28381428	LOC107131941	NC_037355.1
MIR2891	+	28492877	28492964	MIR2891	NC_037355.1
LOC104969716	+	28619056	28620117	LOC104969716	NC_037355.1
MCU	+	28709022	28904117	MCU	NC_037355.1
NUDT13	+	29189847	29208002	NUDT13	NC_037355.1
LOC112444726	+	29472934	29482487	LOC112444726	NC_037355.1
SEC24C	+	29639324	29662099	SEC24C	NC_037355.1
FUT11	+	29662048	29668829	FUT11	NC_037355.1
CHCHD1	+	29679220	29680502	CHCHD1	NC_037355.1
ZSWIM8	+	29682472	29696485	ZSWIM8	NC_037355.1
PLAU	+	29793733	29799834	PLAU	NC_037355.1
VCL	+	29876915	29989469	VCL	NC_037355.1
ADK	+	30012672	30556400	ADK	NC_037355.1
KAT6B	+	30630312	30812400	KAT6B	NC_037355.1
MIR584-3	+	30679777	30679861	MIR584-3	NC_037355.1
SAMD8	+	30817364	30939757	SAMD8	NC_037355.1
VDAC2	+	30970396	30984667	VDAC2	NC_037355.1
TRNAY-AUA-34	+	31474417	31474488	TRNAY-AUA	NC_037355.1
TRNAC-ACA-223	+	31676567	31676638	TRNAC-ACA	NC_037355.1
LOC112444791	+	32123938	32124042	LOC112444791	NC_037355.1
LOC107131390	+	32475448	32489048	LOC107131390	NC_037355.1
LOC132344143	+	32856413	32866222	LOC132344143	NC_037355.1
TRNAC-ACA-224	+	33184884	33184955	TRNAC-ACA	NC_037355.1
MIR2285CL	+	33284860	33284918	MIR2285CL	NC_037355.1
RPS24	+	33725422	33812933	RPS24	NC_037355.1
LOC132344145	+	34703187	34753086	LOC132344145	NC_037355.1
ZMIZ1	+	34793975	34945125	ZMIZ1	NC_037355.1
PPIF	+	34966705	34973641	PPIF	NC_037355.1
LOC132344146	+	35096308	35107081	LOC132344146	NC_037355.1
ANXA11	+	35119246	35161497	ANXA11	NC_037355.1
LOC104971023	+	35234582	35236294	LOC104971023	NC_037355.1
CL46	+	35466971	35476802	CL46	NC_037355.1
LOC112444733	+	35492907	35497598	LOC112444733	NC_037355.1
SFTPD	+	35610572	35620590	SFTPD	NC_037355.1
PRXL2A	+	35805434	35823899	PRXL2A	NC_037355.1
TSPAN14	+	35848209	35905905	TSPAN14	NC_037355.1
SH2D4B	+	35923525	36010389	SH2D4B	NC_037355.1
TRNAC-GCA-228	+	37540248	37540319	TRNAC-GCA	NC_037355.1
LOC132344147	+	37669170	37692550	LOC132344147	NC_037355.1
LOC112444789	+	38544166	38544269	LOC112444789	NC_037355.1
GPR15LG	+	39143692	39153817	GPR15LG	NC_037355.1
RGR	+	39216682	39227368	RGR	NC_037355.1
CCSER2	+	39271744	39426592	CCSER2	NC_037355.1
TRNAG-CCC-235	+	40004077	40004147	TRNAG-CCC	NC_037355.1
LOC132344149	+	40619110	40619884	LOC132344149	NC_037355.1
LDB3	+	41325440	41384908	LDB3	NC_037355.1
BMPR1A	+	41403870	41545706	BMPR1A	NC_037355.1
ADIRF	+	41580848	41583092	ADIRF	NC_037355.1
FAM25A	+	41583183	41593326	FAM25A	NC_037355.1
LOC112444758	+	41605251	41626135	LOC112444758	NC_037355.1
SHLD2	+	41649001	41763725	SHLD2	NC_037355.1
GPRIN2	+	41800505	41807663	GPRIN2	NC_037355.1
PPYR1	+	41909740	41917205	PPYR1	NC_037355.1
MAPK8	+	42712811	42813456	MAPK8	NC_037355.1
WDFY4	+	43020261	43268439	WDFY4	NC_037355.1
C28H10orf71	+	43501518	43552645	C28H10orf71	NC_037355.1
LOC112444782	+	43719071	43719177	LOC112444782	NC_037355.1
CHAT	+	43752082	43807292	CHAT	NC_037355.1
TIMM23	+	44015237	44035983	TIMM23	NC_037355.1
LOC112444797	+	44027672	44027871	LOC112444797	NC_037355.1
WASHC2A	+	44112887	44157819	WASHC2A	NC_037355.1
ZFAND4	+	44161031	44213061	ZFAND4	NC_037355.1
MARCHF8	+	44228074	44339177	MARCHF8	NC_037355.1
OR13A1	+	44434543	44435529	OR13A1	NC_037355.1
OR6D16	+	44448732	44449676	OR6D16	NC_037355.1
OR6D18	+	44473229	44474194	OR6D18	NC_037355.1
OR6D19	+	44491796	44492763	OR6D19	NC_037355.1
OR6D17	+	44513242	44514629	OR6D17	NC_037355.1
CXCL12	+	45022421	45051626	CXCL12	NC_037355.1
ZNF32	+	45636076	45640707	ZNF32	NC_037355.1
ZNF239	+	45651527	45675303	ZNF239	NC_037355.1
LOC101902841	+	45689644	45704843	LOC101902841	NC_037355.1
AGT	+	45757544	45766377	AGT	NC_037355.1
LOC104970173	+	299112	300528	LOC104970173	NC_037356.1
LOC101906859	+	928321	929232	LOC101906859	NC_037356.1
TAF1D	+	1080813	1086765	TAF1D	NC_037356.1
LOC112444972	+	1087043	1087169	LOC112444972	NC_037356.1
LOC107131948	+	1087377	1091857	LOC107131948	NC_037356.1
LOC112444969	+	1088840	1088970	LOC112444969	NC_037356.1
LOC112444976	+	1089120	1089190	LOC112444976	NC_037356.1
LOC112444964	+	1089786	1089922	LOC112444964	NC_037356.1
LOC112444966	+	1090407	1090540	LOC112444966	NC_037356.1
LOC112444968	+	1091085	1091207	LOC112444968	NC_037356.1
LOC112444965	+	1091509	1091635	LOC112444965	NC_037356.1
LOC132344236	+	1187997	1193371	LOC132344236	NC_037356.1
SMCO4	+	1302581	1377860	SMCO4	NC_037356.1
LOC112444945	+	2559351	2559459	LOC112444945	NC_037356.1
LOC132344237	+	2955049	2970598	LOC132344237	NC_037356.1
CHORDC1	+	5050499	5072457	CHORDC1	NC_037356.1
TRIM77	+	5190831	5211255	TRIM77	NC_037356.1
TRNAC-ACA-225	+	5262880	5262951	TRNAC-ACA	NC_037356.1
LOC112444943	+	5308698	5308806	LOC112444943	NC_037356.1
LOC132344238	+	5316495	5320183	LOC132344238	NC_037356.1
LOC112444838	+	5537843	5539338	LOC112444838	NC_037356.1
LOC523762	+	5747090	5749376	LOC523762	NC_037356.1
LOC100336475	+	5770499	5777503	LOC100336475	NC_037356.1
NOX4	+	6120515	6308868	NOX4	NC_037356.1
LOC112444878	+	6406866	6528658	LOC112444878	NC_037356.1
GRM5	+	6556790	7201730	GRM5	NC_037356.1
LOC112444839	+	7276484	7298990	LOC112444839	NC_037356.1
LOC112444873	+	7320302	7342085	LOC112444873	NC_037356.1
LOC512612	+	7358733	7375273	LOC512612	NC_037356.1
CTSC	+	7375381	7415746	CTSC	NC_037356.1
LOC104976218	+	7432195	7443240	LOC104976218	NC_037356.1
RAB38	+	7501579	7567665	RAB38	NC_037356.1
LOC132344240	+	7908766	7952081	LOC132344240	NC_037356.1
LOC132344195	+	8610298	8617958	LOC132344195	NC_037356.1
FZD4	+	8618154	8623002	FZD4	NC_037356.1
LOC101905908	+	8629728	8639925	LOC101905908	NC_037356.1
LOC132344242	+	8738063	8744523	LOC132344242	NC_037356.1
LOC112444956	+	9049624	9049693	LOC112444956	NC_037356.1
SYTL2	+	9741747	9862429	SYTL2	NC_037356.1
TRNAW-CCA-155	+	9780982	9781053	TRNAW-CCA	NC_037356.1
CREBZF	+	9887724	9893157	CREBZF	NC_037356.1
DLG2	+	9932686	12255811	DLG2	NC_037356.1
MIR2285K-1	+	10770074	10770143	MIR2285K-1	NC_037356.1
RAB30	+	12583663	12686795	RAB30	NC_037356.1
PRCP	+	12744752	12830791	PRCP	NC_037356.1
FAM181B	+	12925471	12927326	FAM181B	NC_037356.1
LOC101903586	+	13503538	13504729	LOC101903586	NC_037356.1
LOC112444946	+	15408935	15409043	LOC112444946	NC_037356.1
LOC132344249	+	16240088	16278402	LOC132344249	NC_037356.1
TENM4	+	16552708	17404028	TENM4	NC_037356.1
MIR708	+	16596062	16596170	MIR708	NC_037356.1
NARS2	+	17454198	17591610	NARS2	NC_037356.1
KCTD21	+	17860450	17881531	KCTD21	NC_037356.1
NDUFC2	+	17979171	17987364	NDUFC2	NC_037356.1
KCTD14	+	18019779	18030111	KCTD14	NC_037356.1
INTS4	+	18041194	18149447	INTS4	NC_037356.1
CLNS1A	+	18349101	18369619	CLNS1A	NC_037356.1
LOC132344252	+	20012147	20118119	LOC132344252	NC_037356.1
TRNAC-ACA-229	+	21208665	21208738	TRNAC-ACA	NC_037356.1
CCDC179	+	22016839	22027884	CCDC179	NC_037356.1
SVIP	+	22033304	22039606	SVIP	NC_037356.1
FANCF	+	22224775	22225977	FANCF	NC_037356.1
LOC132344181	+	23753626	23756408	LOC132344181	NC_037356.1
DBX1	+	24757938	24762782	DBX1	NC_037356.1
LOC112444908	+	25247976	25252829	LOC112444908	NC_037356.1
E2F8	+	25699102	25717572	E2F8	NC_037356.1
CSRP3	+	25744235	25764912	CSRP3	NC_037356.1
MRGPRX2	+	25882486	25910450	MRGPRX2	NC_037356.1
PTPN5	+	25991778	26050348	PTPN5	NC_037356.1
TRNAD-GUC-20	+	26076867	26076940	TRNAD-GUC	NC_037356.1
LOC132344184	+	26327180	26328506	LOC132344184	NC_037356.1
SAA2	+	26458656	26461868	SAA2	NC_037356.1
M-SAA3.2	+	26502107	26506087	M-SAA3.2	NC_037356.1
OR4D5	+	26587523	26588467	OR4D5	NC_037356.1
OR8B72	+	26602860	26603789	OR8B72	NC_037356.1
OR10G9G	+	26649376	26650338	OR10G9G	NC_037356.1
OR10D5D	+	26757329	26758252	OR10D5D	NC_037356.1
OR10D5C	+	26776387	26777319	OR10D5C	NC_037356.1
VWA5A	+	26921215	26950933	VWA5A	NC_037356.1
OR10AI1	+	26980174	26981226	OR10AI1	NC_037356.1
OR10D3	+	26991392	26992324	OR10D3	NC_037356.1
OR8G4	+	27027658	27028593	OR8G4	NC_037356.1
OR8G3C	+	27057159	27058094	OR8G3C	NC_037356.1
OR8G3L	+	27067428	27068363	OR8G3L	NC_037356.1
OR8G3F	+	27260318	27261271	OR8G3F	NC_037356.1
OR8D6	+	27306332	27307273	OR8D6	NC_037356.1
OR8G3D	+	27488736	27489659	OR8G3D	NC_037356.1
OR8G5B	+	27510477	27516939	OR8G5B	NC_037356.1
OR8G47	+	27537233	27538228	OR8G47	NC_037356.1
OR8C7	+	27751727	27752656	OR8C7	NC_037356.1
LOC782688	+	27769047	27770366	LOC782688	NC_037356.1
OR8A1H	+	27888094	27889175	OR8A1H	NC_037356.1
OR8A1F	+	27929254	27930171	OR8A1F	NC_037356.1
OR8A1D	+	27949090	27950016	OR8A1D	NC_037356.1
OR8A1E	+	27960897	27961826	OR8A1E	NC_037356.1
OR8A7	+	28004796	28006176	OR8A7	NC_037356.1
OR8A8	+	28019824	28020883	OR8A8	NC_037356.1
OR8A1	+	28034929	28035858	OR8A1	NC_037356.1
TBRG1	+	28100166	28111917	TBRG1	NC_037356.1
SPA17	+	28154529	28168621	SPA17	NC_037356.1
ROBO3	+	28330691	28349408	ROBO3	NC_037356.1
EI24	+	28982781	28997545	EI24	NC_037356.1
STT3A	+	29006087	29027284	STT3A	NC_037356.1
SSLP1	+	29084974	29092471	SSLP1	NC_037356.1
TRNAE-UUC-134	+	29100885	29100957	TRNAE-UUC	NC_037356.1
LOC112444892	+	29122828	29124707	LOC112444892	NC_037356.1
MIR2285CE	+	29184838	29184895	MIR2285CE	NC_037356.1
DDX25	+	29259493	29279563	DDX25	NC_037356.1
LOC112444896	+	29535414	29539716	LOC112444896	NC_037356.1
FAM118B	+	29562032	29610873	FAM118B	NC_037356.1
TIRAP	+	29625204	29647273	TIRAP	NC_037356.1
LOC112444872	+	30626382	30651990	LOC112444872	NC_037356.1
LOC132344194	+	31387776	31400016	LOC132344194	NC_037356.1
FLI1	+	32052394	32184259	FLI1	NC_037356.1
KCNJ5	+	32262418	32290706	KCNJ5	NC_037356.1
TRNAG-UCC-152	+	32733939	32734011	TRNAG-UCC	NC_037356.1
TRNAG-CCC-236	+	33013419	33013491	TRNAG-CCC	NC_037356.1
IGSF9B	+	33118216	33168758	IGSF9B	NC_037356.1
SPATA19	+	33201867	33207407	SPATA19	NC_037356.1
OPCML	+	33454450	34527270	OPCML	NC_037356.1
TMEM45B	+	36040306	36069040	TMEM45B	NC_037356.1
LOC107131968	+	36194007	36199522	LOC107131968	NC_037356.1
APLP2	+	36263071	36325813	APLP2	NC_037356.1
ADAMTS15	+	36560407	36582521	ADAMTS15	NC_037356.1
MIR584-7	+	36735737	36735803	MIR584-7	NC_037356.1
LOC101907357	+	36888803	36940404	LOC101907357	NC_037356.1
MS4A8	+	37055508	37073705	MS4A8	NC_037356.1
MS4A18	+	37085548	37103714	MS4A18	NC_037356.1
MS4A15	+	37112927	37123596	MS4A15	NC_037356.1
MS4A10	+	37137393	37144677	MS4A10	NC_037356.1
CCDC86	+	37170153	37178885	CCDC86	NC_037356.1
TRNAF-GAA-33	+	37201404	37201476	TRNAF-GAA	NC_037356.1
LOC112444913	+	37411131	37415247	LOC112444913	NC_037356.1
CD5	+	37422928	37444470	CD5	NC_037356.1
LOC613739	+	37503975	37506705	LOC613739	NC_037356.1
LOC100847667	+	37519142	37525826	LOC100847667	NC_037356.1
PAG10	+	37551916	37560345	PAG10	NC_037356.1
LOC132344200	+	38102418	38139494	LOC132344200	NC_037356.1
LOC617765	+	39621269	39627873	LOC617765	NC_037356.1
LOC521902	+	39664239	39673779	LOC521902	NC_037356.1
LOC524173	+	39691965	39701177	LOC524173	NC_037356.1
PAG8	+	39726286	39736548	PAG8	NC_037356.1
PGA5	+	39760936	39771371	PGA5	NC_037356.1
TKFC	+	39842561	39854638	TKFC	NC_037356.1
TMEM138	+	39867808	39888024	TMEM138	NC_037356.1
TMEM216	+	39888120	39912852	TMEM216	NC_037356.1
SDHAF2	+	39921846	39931383	SDHAF2	NC_037356.1
PPP1R32	+	39953297	39962274	PPP1R32	NC_037356.1
LRRC10B	+	39978830	39980989	LRRC10B	NC_037356.1
LOC132344203	+	39997491	40005292	LOC132344203	NC_037356.1
LOC112444860	+	40068780	40114061	LOC112444860	NC_037356.1
DAGLA	+	40124700	40191155	DAGLA	NC_037356.1
FADS2	+	40350542	40387559	FADS2	NC_037356.1
BEST1	+	40464749	40477420	BEST1	NC_037356.1
INCENP	+	40596353	40631320	INCENP	NC_037356.1
SCGB1D	+	40681417	40684223	SCGB1D	NC_037356.1
SCGB2A2	+	40699732	40703151	SCGB2A2	NC_037356.1
ASRGL1	+	40756509	40775200	ASRGL1	NC_037356.1
LOC112444974	+	40800936	40801061	LOC112444974	NC_037356.1
SCGB1A1	+	40802688	40806305	SCGB1A1	NC_037356.1
TRNAG-UCC-153	+	40931484	40931556	TRNAG-UCC	NC_037356.1
LOC132344205	+	40937189	40939119	LOC132344205	NC_037356.1
ROM1	+	40956177	40959651	ROM1	NC_037356.1
GNG3	+	41024955	41027568	GNG3	NC_037356.1
TTC9C	+	41043074	41052780	TTC9C	NC_037356.1
POLR2G	+	41079648	41082907	POLR2G	NC_037356.1
TMEM179B	+	41095866	41098075	TMEM179B	NC_037356.1
SLC3A2	+	41158503	41199498	SLC3A2	NC_037356.1
LOC522784	+	41491269	41528113	LOC522784	NC_037356.1
LOC520237	+	41541493	41567684	LOC520237	NC_037356.1
SLC22A10	+	41582419	41608529	SLC22A10	NC_037356.1
LOC112444902	+	41626200	41627599	LOC112444902	NC_037356.1
LOC788786	+	41641548	41642079	LOC788786	NC_037356.1
LOC517475	+	41708506	41738158	LOC517475	NC_037356.1
LOC618367	+	41863570	41881445	LOC618367	NC_037356.1
LOC100336631	+	41922097	41927900	LOC100336631	NC_037356.1
RTN3	+	42051161	42117336	RTN3	NC_037356.1
MARK2	+	42197963	42253635	MARK2	NC_037356.1
MIR2406	+	42245856	42245928	MIR2406	NC_037356.1
NAA40	+	42281559	42295804	NAA40	NC_037356.1
OTUB1	+	42315700	42323036	OTUB1	NC_037356.1
FLRT1	+	42358187	42444320	FLRT1	NC_037356.1
STIP1	+	42496319	42508869	STIP1	NC_037356.1
NUDT22	+	42532074	42534793	NUDT22	NC_037356.1
DNAJC4	+	42535436	42538839	DNAJC4	NC_037356.1
VEGFB	+	42539188	42542594	VEGFB	NC_037356.1
FKBP2	+	42544577	42547511	FKBP2	NC_037356.1
PLCB3	+	42555433	42572810	PLCB3	NC_037356.1
GPR137	+	42585647	42590174	GPR137	NC_037356.1
MIR12023	+	42586689	42586742	MIR12023	NC_037356.1
KCNK4	+	42591867	42599517	KCNK4	NC_037356.1
CATSPERZ	+	42599609	42602893	CATSPERZ	NC_037356.1
LOC104976279	+	42779068	42780550	LOC104976279	NC_037356.1
SLC22A11	+	42795758	42813443	SLC22A11	NC_037356.1
TRNAE-CUC-50	+	43052971	43053043	TRNAE-CUC	NC_037356.1
MIR194B-2	+	43114587	43114639	MIR194B-2	NC_037356.1
PPP2R5B	+	43147030	43155879	PPP2R5B	NC_037356.1
LOC132344207	+	43182358	43187333	LOC132344207	NC_037356.1
ARL2	+	43227243	43235043	ARL2	NC_037356.1
SNX15	+	43242568	43254074	SNX15	NC_037356.1
SAC3D1	+	43254529	43256984	SAC3D1	NC_037356.1
ZFPL1	+	43297384	43301446	ZFPL1	NC_037356.1
VPS51	+	43305622	43317745	VPS51	NC_037356.1
MRPL49	+	43328453	43332382	MRPL49	NC_037356.1
SPDYC	+	43338443	43388644	SPDYC	NC_037356.1
CAPN1	+	43399902	43427419	CAPN1	NC_037356.1
SLC22A20	+	43428753	43451097	SLC22A20	NC_037356.1
POLA2	+	43477534	43504473	POLA2	NC_037356.1
CDC42EP2	+	43523082	43528894	CDC42EP2	NC_037356.1
TIGD3	+	43553752	43557355	TIGD3	NC_037356.1
FRMD8	+	43582047	43616100	FRMD8	NC_037356.1
SCYL1	+	43704526	43715562	SCYL1	NC_037356.1
ZNRD2	+	43752935	43754215	ZNRD2	NC_037356.1
FAM89B	+	43754941	43756574	FAM89B	NC_037356.1
EHBP1L1	+	43758505	43774081	EHBP1L1	NC_037356.1
PCNX3	+	43795300	43815656	PCNX3	NC_037356.1
SIPA1	+	43816379	43828087	SIPA1	NC_037356.1
LOC112444834	+	43869683	43872590	LOC112444834	NC_037356.1
KAT5	+	43878843	43886391	KAT5	NC_037356.1
OVOL1	+	43908693	43919733	OVOL1	NC_037356.1
LOC789733	+	43959636	43973225	LOC789733	NC_037356.1
LOC132344224	+	43976441	43976834	LOC132344224	NC_037356.1
MUS81	+	43979103	43984833	MUS81	NC_037356.1
CTSW	+	43995890	43999310	CTSW	NC_037356.1
CCDC85B	+	44005578	44006861	CCDC85B	NC_037356.1
LOC104976284	+	44044107	44045075	LOC104976284	NC_037356.1
TSGA10IP	+	44050476	44060799	TSGA10IP	NC_037356.1
BANF1	+	44093697	44095641	BANF1	NC_037356.1
CST6	+	44101083	44102573	CST6	NC_037356.1
SF3B2	+	44137805	44151412	SF3B2	NC_037356.1
LOC132344208	+	44179786	44189397	LOC132344208	NC_037356.1
KLC2	+	44313711	44323510	KLC2	NC_037356.1
CNIH2	+	44330386	44338366	CNIH2	NC_037356.1
TRNAS-GCU-22	+	44399824	44399905	TRNAS-GCU	NC_037356.1
NPAS4	+	44464183	44469937	NPAS4	NC_037356.1
PELI3	+	44507917	44518910	PELI3	NC_037356.1
DPP3	+	44521317	44553200	DPP3	NC_037356.1
BBS1	+	44554967	44571096	BBS1	NC_037356.1
CCS	+	44628769	44642432	CCS	NC_037356.1
RBM14	+	44653808	44669782	RBM14	NC_037356.1
LOC112444842	+	44715276	44718416	LOC112444842	NC_037356.1
LRFN4	+	44871347	44873864	LRFN4	NC_037356.1
C29H11orf86	+	44978937	44981169	C29H11orf86	NC_037356.1
RHOD	+	45039919	45049335	RHOD	NC_037356.1
KDM2A	+	45087271	45179860	KDM2A	NC_037356.1
GRK2	+	45189942	45208725	GRK2	NC_037356.1
SSH3	+	45224397	45232152	SSH3	NC_037356.1
LOC112444905	+	45234953	45249406	LOC112444905	NC_037356.1
TBC1D10C	+	45295956	45302690	TBC1D10C	NC_037356.1
CABP4	+	45343481	45346978	CABP4	NC_037356.1
AIP	+	45366926	45373001	AIP	NC_037356.1
LOC281806	+	45441917	45444788	LOC281806	NC_037356.1
ALDH3B1	+	45537474	45557502	ALDH3B1	NC_037356.1
NDUFS8	+	45559234	45563284	NDUFS8	NC_037356.1
TCIRG1	+	45566232	45577924	TCIRG1	NC_037356.1
LOC132344222	+	45639353	45648236	LOC132344222	NC_037356.1
LRP5	+	45803314	45927823	LRP5	NC_037356.1
PPP6R3	+	45936805	46062011	PPP6R3	NC_037356.1
GAL	+	46104294	46110093	GAL	NC_037356.1
TPCN2	+	46382164	46413290	TPCN2	NC_037356.1
SMIM38	+	46471491	46472311	SMIM38	NC_037356.1
TRNAR-CCU-40	+	46821321	46821393	TRNAR-CCU	NC_037356.1
ANO1	+	47168721	47358494	ANO1	NC_037356.1
FADD	+	47373324	47375728	FADD	NC_037356.1
PPFIA1	+	47421119	47498037	PPFIA1	NC_037356.1
CTTN	+	47511263	47538242	CTTN	NC_037356.1
LOC132344223	+	47550126	47556051	LOC132344223	NC_037356.1
LOC104976302	+	47607261	47617154	LOC104976302	NC_037356.1
LOC132344215	+	48278948	48279960	LOC132344215	NC_037356.1
MRGPRG	+	48412037	48413199	MRGPRG	NC_037356.1
OSBPL5	+	48451494	48518343	OSBPL5	NC_037356.1
LOC510798	+	48529484	48557950	LOC510798	NC_037356.1
LOC112444938	+	48545349	48545455	LOC112444938	NC_037356.1
CARS1	+	48561965	48614661	CARS1	NC_037356.1
NAP1L4	+	48624255	48676966	NAP1L4	NC_037356.1
PHLDA2	+	48689532	48690588	PHLDA2	NC_037356.1
LOC112444889	+	49226196	49265175	LOC112444889	NC_037356.1
ASCL2	+	49311817	49313692	ASCL2	NC_037356.1
MIR483	+	49418343	49418410	MIR483	NC_037356.1
LOC101902537	+	49454161	49469311	LOC101902537	NC_037356.1
LOC101902793	+	49549230	49564078	LOC101902793	NC_037356.1
PRR33	+	49596344	49602921	PRR33	NC_037356.1
CTSD	+	49712746	49722179	CTSD	NC_037356.1
LOC132344218	+	49796450	49796791	LOC132344218	NC_037356.1
LOC789388	+	49865797	49868348	LOC789388	NC_037356.1
DUSP8	+	49964704	49980781	DUSP8	NC_037356.1
MOB2	+	49990596	50043290	MOB2	NC_037356.1
TOLLIP	+	50169914	50185635	TOLLIP	NC_037356.1
LOC132344226	+	50445500	50457199	LOC132344226	NC_037356.1
CHID1	+	50492793	50511865	CHID1	NC_037356.1
POLR2L	+	50530776	50535563	POLR2L	NC_037356.1
LOC112444919	+	50620345	50621294	LOC112444919	NC_037356.1
DEAF1	+	50639351	50667640	DEAF1	NC_037356.1
MIR2410	+	50643782	50643857	MIR2410	NC_037356.1
CDHR5	+	50687389	50694307	CDHR5	NC_037356.1
IRF7	+	50695346	50698451	IRF7	NC_037356.1
LOC132344225	+	50727776	50730449	LOC132344225	NC_037356.1
MIR210	+	50729070	50729167	MIR210	NC_037356.1
LMNTD2	+	50734881	50745006	LMNTD2	NC_037356.1
HRAS	+	50762262	50765201	HRAS	NC_037356.1
RNH1	+	50789133	50804304	RNH1	NC_037356.1
ANO9	+	50842202	50867749	ANO9	NC_037356.1
LOC777594	+	50930483	50931540	LOC777594	NC_037356.1
LOC101904625	+	50995410	51000332	LOC101904625	NC_037356.1
LOC282255	+	51000587	51001621	LOC282255	NC_037356.1
LOC132344221	+	51090319	51098599	LOC132344221	NC_037356.1
TRNAG-GCC-54	+	764232	764303	TRNAG-GCC	NC_037357.1
SLC6A14	+	812951	840271	SLC6A14	NC_037357.1
WDR44	+	2534693	2627840	WDR44	NC_037357.1
MIR1277	+	2569960	2570037	MIR1277	NC_037357.1
DOCK11	+	2680473	3007250	DOCK11	NC_037357.1
LOC112445050	+	3063158	3065322	LOC112445050	NC_037357.1
LOC100336532	+	3099583	3124832	LOC100336532	NC_037357.1
IL13RA1	+	3168805	3246931	IL13RA1	NC_037357.1
LOC112445258	+	3173600	3173727	LOC112445258	NC_037357.1
TRNAC-ACA-232	+	3279284	3279355	TRNAC-ACA	NC_037357.1
ZCCHC12	+	3280624	3284232	ZCCHC12	NC_037357.1
LOC101904382	+	3297318	3387821	LOC101904382	NC_037357.1
LONRF3	+	3392171	3431577	LONRF3	NC_037357.1
CT47C1	+	3467618	3472329	CT47C1	NC_037357.1
PGRMC1	+	3623768	3632155	PGRMC1	NC_037357.1
SLC25A43	+	3801180	3842014	SLC25A43	NC_037357.1
TRNAE-UUC-139	+	3828744	3828816	TRNAE-UUC	NC_037357.1
UBE2A	+	3930667	3947887	UBE2A	NC_037357.1
SOWAHD	+	4120275	4123246	SOWAHD	NC_037357.1
LOC132344375	+	4184487	4186623	LOC132344375	NC_037357.1
NDUFA1	+	4220541	4223713	NDUFA1	NC_037357.1
AKAP14	+	4225839	4245225	AKAP14	NC_037357.1
LOC132344275	+	4408196	4408459	LOC132344275	NC_037357.1
LOC101905293	+	4408569	4473705	LOC101905293	NC_037357.1
LOC101902430	+	4521043	4538561	LOC101902430	NC_037357.1
ZBTB33	+	4819983	4827597	ZBTB33	NC_037357.1
LOC101902363	+	4872730	4892239	LOC101902363	NC_037357.1
MCTS1	+	5151418	5159309	MCTS1	NC_037357.1
TRNAC-GCA-232	+	5781467	5781538	TRNAC-GCA	NC_037357.1
GRIA3	+	7567764	7876396	GRIA3	NC_037357.1
LOC112445287	+	8038123	8038229	LOC112445287	NC_037357.1
XIAP	+	8198240	8238233	XIAP	NC_037357.1
STAG2	+	8278461	8408287	STAG2	NC_037357.1
TRNAA-CGC-10	+	8511838	8511917	TRNAA-CGC	NC_037357.1
SH2D1A	+	8536083	8657787	SH2D1A	NC_037357.1
TEX13D	+	9711254	9715563	TEX13D	NC_037357.1
PRR32	+	11131753	11133670	PRR32	NC_037357.1
LOC523963	+	12100785	12117602	LOC523963	NC_037357.1
OCRL	+	13582962	13633770	OCRL	NC_037357.1
XPNPEP2	+	13776127	13802300	XPNPEP2	NC_037357.1
LOC100295281	+	13891297	13892227	LOC100295281	NC_037357.1
UTP14A	+	13920836	13937429	UTP14A	NC_037357.1
BCORL1	+	13977408	14037966	BCORL1	NC_037357.1
RAB33A	+	14130833	14141236	RAB33A	NC_037357.1
SLC25A14	+	14291685	14331890	SLC25A14	NC_037357.1
LOC132344304	+	14410772	14421377	LOC132344304	NC_037357.1
TRNAC-GCA-233	+	14631393	14631464	TRNAC-GCA	NC_037357.1
LOC112445202	+	14900496	14920978	LOC112445202	NC_037357.1
TRNAS-GGA-115	+	14946038	14946119	TRNAS-GGA	NC_037357.1
ARHGAP36	+	15095771	15112743	ARHGAP36	NC_037357.1
LOC528006	+	15331904	15332517	LOC528006	NC_037357.1
LOC112445290	+	15466735	15466841	LOC112445290	NC_037357.1
OR13H1	+	15552973	15553899	OR13H1	NC_037357.1
STK26	+	15912813	15979088	STK26	NC_037357.1
LOC112445210	+	16265833	16265935	LOC112445210	NC_037357.1
LOC783491	+	16796715	16797631	LOC783491	NC_037357.1
LOC786942	+	17630239	17631163	LOC786942	NC_037357.1
LOC132344337	+	17769987	17770405	LOC132344337	NC_037357.1
CCDC160	+	18020715	18029096	CCDC160	NC_037357.1
PHF6	+	18106846	18155674	PHF6	NC_037357.1
LOC112445305	+	18125664	18125770	LOC112445305	NC_037357.1
HPRT1	+	18177361	18208571	HPRT1	NC_037357.1
LOC112445080	+	18494722	18562177	LOC112445080	NC_037357.1
SMIM10	+	18677271	18679118	SMIM10	NC_037357.1
LOC112445090	+	18722225	18733167	LOC112445090	NC_037357.1
LOC104976321	+	18743864	18751879	LOC104976321	NC_037357.1
LOC112445058	+	18836010	18836806	LOC112445058	NC_037357.1
LOC100335990	+	18889515	18893233	LOC100335990	NC_037357.1
ZNF75D	+	18890005	18948896	ZNF75D	NC_037357.1
LOC132342124	+	18914584	18920744	LOC132342124	NC_037357.1
LOC132342077	+	18973227	18989828	LOC132342077	NC_037357.1
LOC112445032	+	19427689	19484775	LOC112445032	NC_037357.1
LOC112445175	+	19517628	19519139	LOC112445175	NC_037357.1
LOC112445029	+	19616065	19666877	LOC112445029	NC_037357.1
LOC112445030	+	19763152	19824315	LOC112445030	NC_037357.1
ADGRG4	+	19910237	20027883	ADGRG4	NC_037357.1
BRS3	+	20090334	20094597	BRS3	NC_037357.1
LOC112445002	+	20098591	20115805	LOC112445002	NC_037357.1
LOC112445127	+	20138005	20156380	LOC112445127	NC_037357.1
LOC112445051	+	20254841	20267528	LOC112445051	NC_037357.1
LOC112445254	+	21927930	21928064	LOC112445254	NC_037357.1
LOC528976	+	22873263	22874023	LOC528976	NC_037357.1
LOC112445120	+	24089452	24090987	LOC112445120	NC_037357.1
TRNAC-GCA-235	+	24284730	24284802	TRNAC-GCA	NC_037357.1
LOC112445041	+	24311442	24316787	LOC112445041	NC_037357.1
LOC112445078	+	24731442	24732843	LOC112445078	NC_037357.1
LOC531026	+	25002467	25003611	LOC531026	NC_037357.1
TRNAW-CCA-158	+	26404558	26404629	TRNAW-CCA	NC_037357.1
LOC112445077	+	28350843	28352675	LOC112445077	NC_037357.1
LOC100850168	+	28353906	28356989	LOC100850168	NC_037357.1
LOC100296529	+	28932444	28933268	LOC100296529	NC_037357.1
LOC100848052	+	28967480	28970245	LOC100848052	NC_037357.1
LOC527529	+	29301602	29445281	LOC527529	NC_037357.1
TRNAC-ACA-234	+	29387509	29387581	TRNAC-ACA	NC_037357.1
LOC112445213	+	30108530	30108635	LOC112445213	NC_037357.1
FMR1	+	30625348	30665584	FMR1	NC_037357.1
FMR1NB	+	30683591	30723111	FMR1NB	NC_037357.1
EOLA1	+	32029813	32031083	EOLA1	NC_037357.1
LOC107132001	+	32050082	32051922	LOC107132001	NC_037357.1
LOC789581	+	32163152	32164910	LOC789581	NC_037357.1
LOC524050	+	32316602	32317905	LOC524050	NC_037357.1
LOC527384	+	32707430	32708245	LOC527384	NC_037357.1
MAMLD1	+	33093736	33213238	MAMLD1	NC_037357.1
MTMR1	+	33366147	33427115	MTMR1	NC_037357.1
GPR50	+	33715025	33721418	GPR50	NC_037357.1
VMA21	+	33911757	33922136	VMA21	NC_037357.1
LOC132344278	+	33985991	33987810	LOC132344278	NC_037357.1
PASD1	+	34036962	34145192	PASD1	NC_037357.1
FATE1	+	34197007	34203513	FATE1	NC_037357.1
CNGA2	+	34207163	34223860	CNGA2	NC_037357.1
LOC519242	+	34404711	34414347	LOC519242	NC_037357.1
GABRQ	+	35046213	35060775	GABRQ	NC_037357.1
LOC525400	+	35079665	35082868	LOC525400	NC_037357.1
LOC783731	+	35086419	35086984	LOC783731	NC_037357.1
NSDHL	+	35133671	35159670	NSDHL	NC_037357.1
ZNF185	+	35186708	35245555	ZNF185	NC_037357.1
PNMA5	+	35254610	35256105	PNMA5	NC_037357.1
LOC112445007	+	35275415	35297639	LOC112445007	NC_037357.1
TRNAS-GGA-116	+	35535305	35535376	TRNAS-GGA	NC_037357.1
TMLHE	+	35551796	35602891	TMLHE	NC_037357.1
CLIC2	+	35678086	35703033	CLIC2	NC_037357.1
LOC509415	+	35716694	35718051	LOC509415	NC_037357.1
LOC617475	+	35737634	35739688	LOC617475	NC_037357.1
RAB39B	+	35765821	35770073	RAB39B	NC_037357.1
CMC4	+	35964604	35976110	CMC4	NC_037357.1
F8	+	36013567	36155734	F8	NC_037357.1
SMIM9	+	36163663	36170031	SMIM9	NC_037357.1
MPP1	+	36177075	36209885	MPP1	NC_037357.1
GAB3	+	36237514	36326627	GAB3	NC_037357.1
ZNF275	+	36594295	36612466	ZNF275	NC_037357.1
ECMX	+	36713681	36721595	ECMX	NC_037357.1
BGN	+	36728478	36742281	BGN	NC_037357.1
ATP2B3	+	36747287	36809027	ATP2B3	NC_037357.1
LOC112445245	+	36909529	36909656	LOC112445245	NC_037357.1
SLC6A8	+	36914289	36921866	SLC6A8	NC_037357.1
TRNAG-GCC-55	+	36921069	36921140	TRNAG-GCC	NC_037357.1
ABCD1	+	36956083	36971899	ABCD1	NC_037357.1
PLXNB3	+	36982130	36996858	PLXNB3	NC_037357.1
SRPK3	+	36998300	37002906	SRPK3	NC_037357.1
SSR4	+	37011768	37015530	SSR4	NC_037357.1
AVPR2	+	37122575	37125020	AVPR2	NC_037357.1
LOC112445094	+	37190457	37193090	LOC112445094	NC_037357.1
LOC112445148	+	37335220	37338643	LOC112445148	NC_037357.1
TKTL1	+	37349741	37378203	TKTL1	NC_037357.1
EMD	+	37427779	37430083	EMD	NC_037357.1
RPL10	+	37451253	37453614	RPL10	NC_037357.1
TAFAZZIN	+	37465410	37473699	TAFAZZIN	NC_037357.1
ATP6AP1	+	37489007	37496787	ATP6AP1	NC_037357.1
GDI1	+	37497485	37503247	GDI1	NC_037357.1
FAM50A	+	37504050	37509805	FAM50A	NC_037357.1
IKBKG	+	37582609	37641404	IKBKG	NC_037357.1
LOC112445241	+	37783252	37783337	LOC112445241	NC_037357.1
LOC112445159	+	38070403	38075759	LOC112445159	NC_037357.1
LOC112441479	+	38093717	38098882	LOC112441479	NC_037357.1
LOC526488	+	38215296	38217375	LOC526488	NC_037357.1
PABPC5	+	39337586	39339620	PABPC5	NC_037357.1
LOC538674	+	39843014	40644983	LOC538674	NC_037357.1
TRNAC-ACA-235	+	40229536	40229608	TRNAC-ACA	NC_037357.1
LOC132344313	+	40833936	40839605	LOC132344313	NC_037357.1
FAM133A	+	42120867	42171392	FAM133A	NC_037357.1
TRNAC-ACA-236	+	43763414	43763486	TRNAC-ACA	NC_037357.1
LOC615101	+	44450390	44451313	LOC615101	NC_037357.1
LOC100336539	+	45088152	45091882	LOC100336539	NC_037357.1
LOC112445131	+	45150275	45154025	LOC112445131	NC_037357.1
DIAPH2	+	45210131	45286760	DIAPH2	NC_037357.1
RPA4	+	45454593	45489069	RPA4	NC_037357.1
LOC112445268	+	45933480	45933605	LOC112445268	NC_037357.1
LOC101908200	+	46477001	46477297	LOC101908200	NC_037357.1
TNMD	+	49576266	49597606	TNMD	NC_037357.1
SRPX2	+	49648129	49677923	SRPX2	NC_037357.1
LOC767968	+	49760618	49762195	LOC767968	NC_037357.1
LOC522334	+	50013819	50028953	LOC522334	NC_037357.1
BEX5	+	50182767	50185277	BEX5	NC_037357.1
ZMAT1	+	50345606	50387891	ZMAT1	NC_037357.1
NXF2	+	50430141	50451181	NXF2	NC_037357.1
ARMCX2	+	50590090	50594606	ARMCX2	NC_037357.1
ARMCX6	+	50625333	50628252	ARMCX6	NC_037357.1
LOC613515	+	50693818	50696610	LOC613515	NC_037357.1
GLA	+	50803846	50814062	GLA	NC_037357.1
BTK	+	50826842	50860745	BTK	NC_037357.1
TIMM8A	+	50861952	50864657	TIMM8A	NC_037357.1
TRNAG-CCC-238	+	51033363	51033434	TRNAG-CCC	NC_037357.1
TRMT2B	+	51076984	51157611	TRMT2B	NC_037357.1
XKRX	+	51241608	51253455	XKRX	NC_037357.1
NOX1	+	51310497	51346521	NOX1	NC_037357.1
TRNAE-UUC-143	+	51313724	51313796	TRNAE-UUC	NC_037357.1
SYTL4	+	51381517	51503478	SYTL4	NC_037357.1
LOC132344273	+	51709405	51720583	LOC132344273	NC_037357.1
LOC104976327	+	51776871	51780019	LOC104976327	NC_037357.1
LOC101904765	+	51825534	51829331	LOC101904765	NC_037357.1
LOC768028	+	52012431	52014017	LOC768028	NC_037357.1
LOC104970008	+	52036189	52036673	LOC104970008	NC_037357.1
MIR4286-2	+	52050780	52050842	MIR4286-2	NC_037357.1
TCEAL8	+	52052105	52054261	TCEAL8	NC_037357.1
LOC786258	+	52205208	52205981	LOC786258	NC_037357.1
LOC101902451	+	52355814	52362624	LOC101902451	NC_037357.1
TCEAL1	+	52394247	52396227	TCEAL1	NC_037357.1
LOC101901997	+	52452108	52461234	LOC101901997	NC_037357.1
LOC523458	+	52727062	52727992	LOC523458	NC_037357.1
ZCCHC18	+	52807299	52810888	ZCCHC18	NC_037357.1
NRK	+	54618461	54767142	NRK	NC_037357.1
LOC112445172	+	54863187	54866410	LOC112445172	NC_037357.1
LOC112445133	+	55094787	55095862	LOC112445133	NC_037357.1
RADX	+	55115130	55215014	RADX	NC_037357.1
RNF128	+	55225460	55325976	RNF128	NC_037357.1
TBC1D8B	+	55333839	55417976	TBC1D8B	NC_037357.1
CLDN2	+	55475399	55478070	CLDN2	NC_037357.1
MIR2285CP	+	55974843	55974898	MIR2285CP	NC_037357.1
LOC132344339	+	56020709	56023595	LOC132344339	NC_037357.1
FRMPD3	+	56074785	56220575	FRMPD3	NC_037357.1
PRPS1	+	56240053	56262495	PRPS1	NC_037357.1
TRNAW-CCA-160	+	56265198	56265270	TRNAW-CCA	NC_037357.1
MID2	+	56451788	56560233	MID2	NC_037357.1
LOC132344280	+	56605017	56614489	LOC132344280	NC_037357.1
VSIG1	+	56674451	56707742	VSIG1	NC_037357.1
ATG4A	+	56766726	56799908	ATG4A	NC_037357.1
LOC112445233	+	56938297	56938403	LOC112445233	NC_037357.1
TRNAW-CCA-161	+	57039497	57039568	TRNAW-CCA	NC_037357.1
TRNAG-ACC-11	+	57058046	57058118	TRNAG-ACC	NC_037357.1
COL4A5	+	57141392	57392487	COL4A5	NC_037357.1
LOC112445307	+	57294890	57294994	LOC112445307	NC_037357.1
LOC787129	+	57936613	57937120	LOC787129	NC_037357.1
NXT2	+	57950323	57957666	NXT2	NC_037357.1
TMEM164	+	58423624	58602713	TMEM164	NC_037357.1
MIR652	+	58480886	58480983	MIR652	NC_037357.1
RTL9	+	58867119	58882278	RTL9	NC_037357.1
LOC107132045	+	59872409	59878166	LOC107132045	NC_037357.1
TRPC5OS	+	60108793	60109308	TRPC5OS	NC_037357.1
LOC132344287	+	61086285	61093335	LOC132344287	NC_037357.1
MIR764	+	62977509	62977603	MIR764	NC_037357.1
LOC112445224	+	63018463	63018569	LOC112445224	NC_037357.1
MIR1298	+	63075806	63075913	MIR1298	NC_037357.1
HTR2C	+	63090234	63265803	HTR2C	NC_037357.1
LOC534630	+	63312889	63323304	LOC534630	NC_037357.1
LOC132344340	+	63377177	63377461	LOC132344340	NC_037357.1
PLS3	+	64140180	64236959	PLS3	NC_037357.1
LOC132344298	+	64721754	64743225	LOC132344298	NC_037357.1
LOC112445234	+	65516703	65516805	LOC112445234	NC_037357.1
LOC112445293	+	65685294	65685400	LOC112445293	NC_037357.1
LOC786015	+	66781605	66782035	LOC786015	NC_037357.1
POF1B	+	66868269	66968674	POF1B	NC_037357.1
TRNAC-ACA-238	+	67043152	67043223	TRNAC-ACA	NC_037357.1
SATL1	+	67125196	67151699	SATL1	NC_037357.1
HDX	+	68025161	68240050	HDX	NC_037357.1
RPS6KA6	+	68487519	68688307	RPS6KA6	NC_037357.1
LOC132344302	+	68746349	68756208	LOC132344302	NC_037357.1
LOC107132043	+	69353749	69364427	LOC107132043	NC_037357.1
BRWD3	+	71701483	71858335	BRWD3	NC_037357.1
ITM2A	+	72977726	72989176	ITM2A	NC_037357.1
RTL3	+	73806890	73808690	RTL3	NC_037357.1
LOC100336369	+	73993158	73994650	LOC100336369	NC_037357.1
TRNAC-GCA-237	+	74041005	74041076	TRNAC-GCA	NC_037357.1
LOC781736	+	74137948	74138352	LOC781736	NC_037357.1
LOC132344305	+	74138530	74138877	LOC132344305	NC_037357.1
MAGT1	+	74517592	74566517	MAGT1	NC_037357.1
ATRX	+	74597136	74883173	ATRX	NC_037357.1
LOC112445212	+	75181159	75181263	LOC112445212	NC_037357.1
LOC614207	+	75428057	75502771	LOC614207	NC_037357.1
ZDHHC15	+	75746309	75841759	ZDHHC15	NC_037357.1
ABCB7	+	75979925	76138550	ABCB7	NC_037357.1
NEXMIF	+	76218136	76433935	NEXMIF	NC_037357.1
RLIM	+	76498639	76522501	RLIM	NC_037357.1
MIR545	+	76853198	76853303	MIR545	NC_037357.1
MIR374B	+	76925407	76925501	MIR374B	NC_037357.1
MIR421	+	76925575	76925659	MIR421	NC_037357.1
XIST	+	77161577	77198299	XIST	NC_037357.1
HDAC8	+	78105526	78344199	HDAC8	NC_037357.1
CITED1	+	78364719	78370091	CITED1	NC_037357.1
ERCC6L	+	78440498	78470068	ERCC6L	NC_037357.1
RTL5	+	78544962	78549445	RTL5	NC_037357.1
LOC112445230	+	79329890	79329992	LOC112445230	NC_037357.1
ZMYM3	+	79394506	79409855	ZMYM3	NC_037357.1
TRNAC-ACA-239	+	79440416	79440488	TRNAC-ACA	NC_037357.1
IL2RG	+	79521642	79525287	IL2RG	NC_037357.1
CXHXorf65	+	79525373	79527761	CXHXorf65	NC_037357.1
SLC7A3	+	79712812	79718280	SLC7A3	NC_037357.1
TEX11	+	79727686	79931656	TEX11	NC_037357.1
TRNAC-ACA-241	+	79763701	79763772	TRNAC-ACA	NC_037357.1
LOC101904691	+	80010080	80023633	LOC101904691	NC_037357.1
PDZD11	+	80153489	80156421	PDZD11	NC_037357.1
P2RY4	+	80184750	80185847	P2RY4	NC_037357.1
AWAT2	+	80394331	80404964	AWAT2	NC_037357.1
PJA1	+	81293338	81298005	PJA1	NC_037357.1
TRNAF-GAA-34	+	82465181	82465252	TRNAF-GAA	NC_037357.1
EDA2R	+	84364028	84453213	EDA2R	NC_037357.1
TRNAC-GCA-238	+	84790944	84791015	TRNAC-GCA	NC_037357.1
TRNAC-GCA-239	+	84791151	84791222	TRNAC-GCA	NC_037357.1
RP2	+	85226521	85274993	RP2	NC_037357.1
LOC100140878	+	85293675	85294771	LOC100140878	NC_037357.1
RGN	+	85466174	85483079	RGN	NC_037357.1
TRNAE-UUC-147	+	85498728	85498800	TRNAE-UUC	NC_037357.1
RBM10	+	85531588	85557443	RBM10	NC_037357.1
UBA1	+	85564925	85586824	UBA1	NC_037357.1
CDK16	+	85590248	85603864	CDK16	NC_037357.1
USP11	+	85604629	85619692	USP11	NC_037357.1
ZNF157	+	85706581	85741618	ZNF157	NC_037357.1
ARAF	+	85918891	85929325	ARAF	NC_037357.1
TIMP1	+	85939719	85943558	TIMP1	NC_037357.1
LOC132344315	+	85951020	85956568	LOC132344315	NC_037357.1
ZNF81	+	86234570	86373562	ZNF81	NC_037357.1
SPACA5	+	86452251	86454588	SPACA5	NC_037357.1
LOC100847469	+	86516713	86524120	LOC100847469	NC_037357.1
SSX5	+	86550151	86560949	SSX5	NC_037357.1
FTSJ1	+	86600088	86609997	FTSJ1	NC_037357.1
PORCN	+	86646281	86656871	PORCN	NC_037357.1
EBP	+	86658038	86662086	EBP	NC_037357.1
TBC1D25	+	86664669	86678020	TBC1D25	NC_037357.1
RBM3	+	86690789	86694645	RBM3	NC_037357.1
TRNAE-UUC-148	+	86757171	86757243	TRNAE-UUC	NC_037357.1
LOC100140342	+	86839426	86840450	LOC100140342	NC_037357.1
GATA1	+	86899831	86906484	GATA1	NC_037357.1
HDAC6	+	86915161	86934092	HDAC6	NC_037357.1
ERAS	+	86934187	86938689	ERAS	NC_037357.1
LOC132344281	+	86945509	86945814	LOC132344281	NC_037357.1
PQBP1	+	87013792	87019563	PQBP1	NC_037357.1
CCDC120	+	87136476	87152941	CCDC120	NC_037357.1
PLP2	+	87216347	87219386	PLP2	NC_037357.1
CCDC22	+	87274542	87289622	CCDC22	NC_037357.1
PAGE4	+	87516566	87520757	PAGE4	NC_037357.1
USP27X	+	87575319	87578253	USP27X	NC_037357.1
CLCN5	+	87634924	87818115	CLCN5	NC_037357.1
MIR532	+	87724730	87724815	MIR532	NC_037357.1
MIR188	+	87725056	87725141	MIR188	NC_037357.1
MIR502A-2	+	87732047	87732136	MIR502A-2	NC_037357.1
MIR502B	+	87736180	87736262	MIR502B	NC_037357.1
MIR362	+	87736670	87736734	MIR362	NC_037357.1
MIR500	+	87737926	87738009	MIR500	NC_037357.1
MIR502A-1	+	87742024	87742108	MIR502A-1	NC_037357.1
TRNAS-GGA-119	+	87798348	87798420	TRNAS-GGA	NC_037357.1
CCNB3	+	87940766	88000791	CCNB3	NC_037357.1
TRNAC-ACA-242	+	88047121	88047192	TRNAC-ACA	NC_037357.1
LOC112445231	+	88475785	88475887	LOC112445231	NC_037357.1
BMP15	+	88803971	88810596	BMP15	NC_037357.1
NUDT10	+	88911182	88916867	NUDT10	NC_037357.1
EZHIP	+	88942621	88960721	EZHIP	NC_037357.1
LOC132344285	+	89065391	89101340	LOC132344285	NC_037357.1
LOC615663	+	89291131	89292806	LOC615663	NC_037357.1
MAGED1	+	89353739	89433444	MAGED1	NC_037357.1
LOC112445264	+	89629938	89630064	LOC112445264	NC_037357.1
LOC112445267	+	89639224	89639353	LOC112445267	NC_037357.1
LOC112445044	+	89643840	89650001	LOC112445044	NC_037357.1
LOC112445265	+	89648762	89648888	LOC112445265	NC_037357.1
LOC100297099	+	89764956	90183766	LOC100297099	NC_037357.1
LOC112445200	+	89956549	89963244	LOC112445200	NC_037357.1
LOC132344319	+	89974881	90003448	LOC132344319	NC_037357.1
LOC104976379	+	90131102	90136325	LOC104976379	NC_037357.1
LOC112445199	+	90360810	90376578	LOC112445199	NC_037357.1
LOC101909003	+	90472130	90492178	LOC101909003	NC_037357.1
GPR173	+	90534205	90558458	GPR173	NC_037357.1
TSPYL2	+	90559620	90566634	TSPYL2	NC_037357.1
KANTR	+	90571781	90613936	KANTR	NC_037357.1
LOC132344320	+	90571792	90644595	LOC132344320	NC_037357.1
LOC132344321	+	90872176	90886171	LOC132344321	NC_037357.1
LOC107132071	+	90888328	90966288	LOC107132071	NC_037357.1
LOC132344323	+	91658116	91664485	LOC132344323	NC_037357.1
LOC112445247	+	91822958	91823023	LOC112445247	NC_037357.1
GNL3L	+	92033596	92062002	GNL3L	NC_037357.1
MAGED2	+	92286001	92294206	MAGED2	NC_037357.1
TRO	+	92358816	92368630	TRO	NC_037357.1
LOC112445266	+	92364907	92365035	LOC112445266	NC_037357.1
APEX2	+	92476373	92484045	APEX2	NC_037357.1
MAGEH1	+	92752215	92753651	MAGEH1	NC_037357.1
FOXR2	+	92935902	92937829	FOXR2	NC_037357.1
RRAGB	+	93035949	93077046	RRAGB	NC_037357.1
UBQLN2	+	93549445	93552697	UBQLN2	NC_037357.1
LOC101904366	+	93564392	93621985	LOC101904366	NC_037357.1
LOC132344325	+	94121239	94122357	LOC132344325	NC_037357.1
VSIG4	+	94489562	94617230	VSIG4	NC_037357.1
ZC4H2	+	95636760	95712628	ZC4H2	NC_037357.1
LOC112445190	+	95989527	95990410	LOC112445190	NC_037357.1
ASB12	+	96058929	96104560	ASB12	NC_037357.1
ARHGEF9	+	96256491	96677155	ARHGEF9	NC_037357.1
MIR1468	+	96454651	96454747	MIR1468	NC_037357.1
LOC132344327	+	96483817	96484460	LOC132344327	NC_037357.1
SPIN4	+	96824082	96828358	SPIN4	NC_037357.1
LOC101906359	+	96905047	96906864	LOC101906359	NC_037357.1
LOC510362	+	97041398	97078585	LOC510362	NC_037357.1
LOC132344329	+	98016065	98127722	LOC132344329	NC_037357.1
MIR222	+	98125921	98126030	MIR222	NC_037357.1
MIR221	+	98126615	98126724	MIR221	NC_037357.1
LOC132344330	+	98248225	98323658	LOC132344330	NC_037357.1
DIPK2B	+	98556863	98600578	DIPK2B	NC_037357.1
TRNAC-GCA-240	+	98903292	98903363	TRNAC-GCA	NC_037357.1
MAOB	+	99790477	99912396	MAOB	NC_037357.1
LOC107132076	+	100157744	100158254	LOC107132076	NC_037357.1
PPP1R2C	+	100818354	100819261	PPP1R2C	NC_037357.1
LOC112445235	+	101490570	101490674	LOC112445235	NC_037357.1
CASK	+	101699510	102073795	CASK	NC_037357.1
TRNAG-UCC-156	+	102063740	102063812	TRNAG-UCC	NC_037357.1
TRNAG-CCC-243	+	102252676	102252748	TRNAG-CCC	NC_037357.1
MED14	+	102666657	102843175	MED14	NC_037357.1
LOC132344333	+	103034016	103048780	LOC132344333	NC_037357.1
BCOR	+	103315576	103434640	BCOR	NC_037357.1
LOC101905296	+	103558002	103569163	LOC101905296	NC_037357.1
LOC132344336	+	103795385	103800747	LOC132344336	NC_037357.1
MIR2488	+	104524588	104524660	MIR2488	NC_037357.1
LOC107132075	+	104785162	104786982	LOC107132075	NC_037357.1
SRPX	+	105052751	105194337	SRPX	NC_037357.1
LOC112445292	+	105428592	105428698	LOC112445292	NC_037357.1
DYNLT3	+	105545907	105556552	DYNLT3	NC_037357.1
LOC107132077	+	105610659	105618571	LOC107132077	NC_037357.1
SMIM30	+	105685858	105686700	SMIM30	NC_037357.1
PRRG1	+	106059230	106203099	PRRG1	NC_037357.1
LOC132344338	+	106059230	106140566	LOC132344338	NC_037357.1
LOC101907711	+	106257905	106258953	LOC101907711	NC_037357.1
LOC539382	+	106519350	106520609	LOC539382	NC_037357.1
LOC112445215	+	106610725	106610831	LOC112445215	NC_037357.1
LOC101902100	+	108493103	108494326	LOC101902100	NC_037357.1
TMEM47	+	108636215	108661213	TMEM47	NC_037357.1
DMD	+	110067847	112304761	DMD	NC_037357.1
MIR12006	+	112544968	112545028	MIR12006	NC_037357.1
TAB3	+	112640526	112733846	TAB3	NC_037357.1
TASL	+	113007471	113020233	TASL	NC_037357.1
NR0B1	+	113283185	113289019	NR0B1	NC_037357.1
LOC132344357	+	113639682	113645965	LOC132344357	NC_037357.1
TRNAK-CUU-31	+	113844601	113844673	TRNAK-CUU	NC_037357.1
TRNAV-CAC-23	+	114947803	114947875	TRNAV-CAC	NC_037357.1
LOC132344358	+	116058353	116114645	LOC132344358	NC_037357.1
PPP4R3C	+	116225673	116406236	PPP4R3C	NC_037357.1
LOC112445220	+	117583605	117583706	LOC112445220	NC_037357.1
LOC616695	+	117962906	117994158	LOC616695	NC_037357.1
ARX	+	118319835	118334786	ARX	NC_037357.1
PCYT1B	+	118649774	118796599	PCYT1B	NC_037357.1
LOC112445025	+	119016521	119019637	LOC112445025	NC_037357.1
LOC112445227	+	119170523	119170627	LOC112445227	NC_037357.1
KLHL15	+	119239735	119273835	KLHL15	NC_037357.1
APOO	+	119338217	119391657	APOO	NC_037357.1
LOC101905583	+	119424826	119432042	LOC101905583	NC_037357.1
ACOT9	+	119474616	119503792	ACOT9	NC_037357.1
LOC112445141	+	121394493	121398155	LOC112445141	NC_037357.1
SMPX	+	121528445	121581654	SMPX	NC_037357.1
KLHL34	+	121640944	121644941	KLHL34	NC_037357.1
LOC112445299	+	121827443	121827549	LOC112445299	NC_037357.1
RPS6KA3	+	122901815	123061014	RPS6KA3	NC_037357.1
MIR2285N-7	+	122902992	122903071	MIR2285N-7	NC_037357.1
EIF1AX	+	123062870	123072702	EIF1AX	NC_037357.1
MAP7D2	+	123081001	123182408	MAP7D2	NC_037357.1
BCLAF3	+	123192233	123244679	BCLAF3	NC_037357.1
MIR10176	+	123370761	123370837	MIR10176	NC_037357.1
LOC784741	+	123894183	123912321	LOC784741	NC_037357.1
MGC134232	+	124038541	124051790	MGC134232	NC_037357.1
TRNAG-UCC-158	+	124127905	124127977	TRNAG-UCC	NC_037357.1
ADGRG2	+	124333611	124463697	ADGRG2	NC_037357.1
PHKA2	+	124468560	124560357	PHKA2	NC_037357.1
TRNAV-UAC-15	+	124770762	124770834	TRNAV-UAC	NC_037357.1
TRNAF-GAA-35	+	124774723	124774795	TRNAF-GAA	NC_037357.1
TRNAF-GAA-36	+	124776111	124776183	TRNAF-GAA	NC_037357.1
TRNAF-GAA-37	+	124777354	124777426	TRNAF-GAA	NC_037357.1
TRNAF-GAA-38	+	124777833	124777907	TRNAF-GAA	NC_037357.1
TRNAF-GAA-39	+	124782887	124782964	TRNAF-GAA	NC_037357.1
TRNAF-GAA-40	+	124784095	124784167	TRNAF-GAA	NC_037357.1
TRNAV-GAC	+	124786035	124786109	TRNAV-GAC	NC_037357.1
RS1	+	124796354	124810537	RS1	NC_037357.1
TRNAR-GCG-23	+	124938284	124938355	TRNAR-GCG	NC_037357.1
SCML2	+	125069885	125191274	SCML2	NC_037357.1
BEND2	+	125216334	125280175	BEND2	NC_037357.1
TRNAW-CCA-167	+	125850216	125850287	TRNAW-CCA	NC_037357.1
RBBP7	+	126676607	126698138	RBBP7	NC_037357.1
LOC112445221	+	127375478	127375581	LOC112445221	NC_037357.1
AP1S2	+	127668115	127695270	AP1S2	NC_037357.1
LOC101904527	+	127720557	127829176	LOC101904527	NC_037357.1
CLTRN	+	127830847	127878349	CLTRN	NC_037357.1
ACE2	+	127902377	127953562	ACE2	NC_037357.1
VEGFD	+	128109138	128156019	VEGFD	NC_037357.1
ASB11	+	128175593	128207823	ASB11	NC_037357.1
ASB9	+	128217622	128246219	ASB9	NC_037357.1
FANCB	+	128633279	128689432	FANCB	NC_037357.1
LOC112445289	+	128997884	128997990	LOC112445289	NC_037357.1
TRNAS-GGA-123	+	129355855	129355926	TRNAS-GGA	NC_037357.1
GPM6B	+	129565468	129726583	GPM6B	NC_037357.1
LOC112445313	+	129769386	129769492	LOC112445313	NC_037357.1
LOC112445218	+	129956466	129956573	LOC112445218	NC_037357.1
TRNAD-GUC-21	+	131458672	131458743	TRNAD-GUC	NC_037357.1
TRNAW-CCA-168	+	131618392	131618463	TRNAW-CCA	NC_037357.1
ARHGAP6	+	131859335	131884580	ARHGAP6	NC_037357.1
LOC100851938	+	132863098	132869894	LOC100851938	NC_037357.1
CLDN34	+	132965008	132970823	CLDN34	NC_037357.1
PRDM7	+	133088099	133093827	PRDM7	NC_037357.1
GPR143	+	133303485	133333183	GPR143	NC_037357.1
LOC132344370	+	133722425	133776729	LOC132344370	NC_037357.1
TRNAC-GCA-245	+	133764219	133764290	TRNAC-GCA	NC_037357.1
MIR584-8	+	134085245	134085332	MIR584-8	NC_037357.1
TRNAE-UUC-152	+	134870026	134870098	TRNAE-UUC	NC_037357.1
PNPLA4	+	134902551	134964252	PNPLA4	NC_037357.1
LOC132344371	+	134979632	135002206	LOC132344371	NC_037357.1
LOC112445226	+	135376503	135376609	LOC112445226	NC_037357.1
LOC100847628	+	135881847	136028478	LOC100847628	NC_037357.1
TRNAV-CAC-24	+	136020777	136020849	TRNAV-CAC	NC_037357.1
LOC100300059	+	136305915	136697112	LOC100300059	NC_037357.1
LOC132344372	+	137107394	137276119	LOC132344372	NC_037357.1
TRNAC-GCA-246	+	137299427	137299498	TRNAC-GCA	NC_037357.1
LOC101903506	+	137507978	137519336	LOC101903506	NC_037357.1
LOC505773	+	138331356	138391181	LOC505773	NC_037357.1
LOC107132092	+	138440080	138458675	LOC107132092	NC_037357.1
MXRA5	+	138512144	138541697	MXRA5	NC_037357.1
ARSL	+	138642931	138665834	ARSL	NC_037357.1
LOC516494	+	138668181	138683869	LOC516494	NC_037357.1
LOC104970645	+	138784211	138801761	LOC104970645	NC_037357.1
LOC132344373	+	138811208	138826058	LOC132344373	NC_037357.1
DHRSX	+	138855826	139007630	DHRSX	NC_037357.1
ZBED1	+	138855826	138873017	ZBED1	NC_037357.1
PLCXD1	+	34576	50731	PLCXD1	NC_082638.1
LOC132344459	+	287024	298821	LOC132344459	NC_082638.1
IL3RA	+	714844	734090	IL3RA	NC_082638.1
AKAP17A	+	838565	849342	AKAP17A	NC_082638.1
LOC112445271-2	+	1241669	1241797	LOC112445271	NC_082638.1
CD99-2	+	1319379	1349633	CD99	NC_082638.1
XG-2	+	1352524	1385156	XG	NC_082638.1
GYG2-2	+	1389142	1415578	GYG2	NC_082638.1
TRNAY-AUA-37	+	2126184	2126257	TRNAY-AUA	NC_082638.1
LOC100847998-2	+	2502559	2513187	LOC100847998	NC_082638.1
LOC104969972-2	+	2529009	2536100	LOC104969972	NC_082638.1
LOC104969973-2	+	2542823	2548809	LOC104969973	NC_082638.1
LOC101904044-2	+	2699191	2709148	LOC101904044	NC_082638.1
LOC100300091-2	+	2846242	2850132	LOC100300091	NC_082638.1
BDA20-2	+	2918629	2924448	BDA20	NC_082638.1
MGC151921-2	+	2929133	2936001	MGC151921	NC_082638.1
LOC112445214-2	+	3451502	3451603	LOC112445214	NC_082638.1
STS-2	+	4491221	4654535	STS	NC_082638.1
LOC101902122-2	+	5207061	5260468	LOC101902122	NC_082638.1
LOC132344464	+	5369498	5617762	LOC132344464	NC_082638.1
LOC112445217-2	+	5381784	5381888	LOC112445217	NC_082638.1
TBL1X-2	+	6537172	6782468	TBL1X	NC_082638.1
EIF1AY	+	6878364	6894899	EIF1AY	NC_082638.1
LOC132344423	+	6931685	6937915	LOC132344423	NC_082638.1
LOC100335202	+	6973860	7037467	LOC100335202	NC_082638.1
LOC132344722	+	7023944	7024048	LOC132344722	NC_082638.1
LOC132344467	+	7855783	7856319	LOC132344467	NC_082638.1
TSPY	+	9169601	9172796	TSPY	NC_082638.1
LOC132344574	+	9199421	9201533	LOC132344574	NC_082638.1
LOC132344576	+	9236322	9238454	LOC132344576	NC_082638.1
LOC132344577	+	9243718	9245850	LOC132344577	NC_082638.1
LOC132344578	+	9251121	9253253	LOC132344578	NC_082638.1
LOC132344579	+	9265914	9268046	LOC132344579	NC_082638.1
LOC132344580	+	9273311	9275443	LOC132344580	NC_082638.1
LOC132344582	+	9332467	9334718	LOC132344582	NC_082638.1
LOC132344585	+	9354706	9356953	LOC132344585	NC_082638.1
LOC132344586	+	9362111	9364337	LOC132344586	NC_082638.1
LOC132344587	+	9435132	9437264	LOC132344587	NC_082638.1
LOC132344588	+	9442531	9444663	LOC132344588	NC_082638.1
LOC132344589	+	9449928	9452060	LOC132344589	NC_082638.1
LOC132344591	+	9493910	9496042	LOC132344591	NC_082638.1
LOC132344592	+	9508707	9510839	LOC132344592	NC_082638.1
LOC132344594	+	9523501	9525627	LOC132344594	NC_082638.1
LOC132344595	+	9582590	9584722	LOC132344595	NC_082638.1
LOC132344596	+	9589988	9592120	LOC132344596	NC_082638.1
LOC132344597	+	9604673	9606899	LOC132344597	NC_082638.1
LOC132344599	+	9627252	9629486	LOC132344599	NC_082638.1
LOC132344600	+	9634774	9637008	LOC132344600	NC_082638.1
LOC132344601	+	9642296	9644530	LOC132344601	NC_082638.1
LOC132344602	+	9657351	9659569	LOC132344602	NC_082638.1
LOC132344603	+	9664864	9667082	LOC132344603	NC_082638.1
LOC132344605	+	9702538	9704779	LOC132344605	NC_082638.1
LOC132344606	+	9732823	9734957	LOC132344606	NC_082638.1
LOC132344607	+	9740364	9742496	LOC132344607	NC_082638.1
LOC132344608	+	9747904	9750038	LOC132344608	NC_082638.1
LOC132344609	+	9762877	9765116	LOC132344609	NC_082638.1
LOC132344611	+	10109622	10111853	LOC132344611	NC_082638.1
LOC132344612	+	10124690	10126921	LOC132344612	NC_082638.1
LOC132344614	+	10380205	10382452	LOC132344614	NC_082638.1
LOC132344469	+	13737069	13742464	LOC132344469	NC_082638.1
LOC132344623	+	16781166	16786549	LOC132344623	NC_082638.1
LOC132344471	+	17186863	17190512	LOC132344471	NC_082638.1
LOC132344472	+	17202548	17206197	LOC132344472	NC_082638.1
LOC132344473	+	17218230	17221879	LOC132344473	NC_082638.1
LOC132344474	+	17233907	17237557	LOC132344474	NC_082638.1
LOC132344476	+	17265261	17268910	LOC132344476	NC_082638.1
LOC132344477	+	17280938	17284587	LOC132344477	NC_082638.1
LOC132344478	+	17296614	17300263	LOC132344478	NC_082638.1
LOC132344479	+	17312291	17315940	LOC132344479	NC_082638.1
LOC132344480	+	17327968	17331617	LOC132344480	NC_082638.1
LOC132344481	+	17343646	17347295	LOC132344481	NC_082638.1
LOC132344625	+	17364268	17367822	LOC132344625	NC_082638.1
LOC132344630	+	18231140	18234690	LOC132344630	NC_082638.1
LOC132344485	+	18291988	18297071	LOC132344485	NC_082638.1
LOC132344636	+	19796866	19800421	LOC132344636	NC_082638.1
LOC132344639	+	21033471	21037030	LOC132344639	NC_082638.1
LOC132344502	+	21094826	21100071	LOC132344502	NC_082638.1
LOC132344503	+	21648882	21652382	LOC132344503	NC_082638.1
LOC132344641	+	21669364	21672928	LOC132344641	NC_082638.1
LOC528601	+	22091185	22096441	LOC528601	NC_082638.1
LOC132344647	+	22831062	22834631	LOC132344647	NC_082638.1
LOC132344514	+	22892353	22897570	LOC132344514	NC_082638.1
LOC132344649	+	23048127	23051749	LOC132344649	NC_082638.1
LOC132342092	+	23093760	23094689	LOC132342092	NC_082638.1
LOC132344516	+	23622137	23634409	LOC132344516	NC_082638.1
LOC132344657	+	24442280	24442822	LOC132344657	NC_082638.1
LOC132344662	+	25170370	25172099	LOC132344662	NC_082638.1
LOC132344523	+	25374188	25386424	LOC132344523	NC_082638.1
LOC132344524	+	25395401	25408614	LOC132344524	NC_082638.1
LOC132344525	+	25416725	25429053	LOC132344525	NC_082638.1
LOC132344667	+	26207803	26209609	LOC132344667	NC_082638.1
LOC132344669	+	26805161	26806920	LOC132344669	NC_082638.1
LOC132344676	+	29675810	29677287	LOC132344676	NC_082638.1
LOC132344681	+	31101619	31112538	LOC132344681	NC_082638.1
LOC132344544	+	31218296	31220868	LOC132344544	NC_082638.1
HSFY2	+	33183479	33185329	HSFY2	NC_082638.1
LOC132344688	+	34348601	34359672	LOC132344688	NC_082638.1
LOC132344689	+	34473936	34474538	LOC132344689	NC_082638.1
LOC132344694	+	37111128	37111691	LOC132344694	NC_082638.1
LOC132344696	+	37867347	37868069	LOC132344696	NC_082638.1
LOC132344698	+	42049910	42060967	LOC132344698	NC_082638.1
LOC132344699	+	42175252	42176944	LOC132344699	NC_082638.1
LOC132344550	+	44615699	44618119	LOC132344550	NC_082638.1
LOC132344700	+	45559785	45570718	LOC132344700	NC_082638.1
LOC132344701	+	45676468	45678265	LOC132344701	NC_082638.1
LOC132344703	+	46322860	46333894	LOC132344703	NC_082638.1
LOC132344707	+	51301257	51312320	LOC132344707	NC_082638.1
LOC132344710	+	54739626	54798897	LOC132344710	NC_082638.1
LOC132344526	+	55839089	55850164	LOC132344526	NC_082638.1
LOC132344527	+	56281008	56292095	LOC132344527	NC_082638.1
LOC132344712	+	56727130	56738191	LOC132344712	NC_082638.1
LOC132344714	+	57052227	57053758	LOC132344714	NC_082638.1
LOC132344717	+	57687938	57698996	LOC132344717	NC_082638.1
LOC132344718	+	57703319	57703846	LOC132344718	NC_082638.1
LOC132344719	+	57804860	57806697	LOC132344719	NC_082638.1
RBMY	+	59144453	59157810	RBMY	NC_082638.1
LOC132344529	+	59194740	59205686	LOC132344529	NC_082638.1
LOC132344530	+	59218678	59229625	LOC132344530	NC_082638.1
LOC132344531	+	59240207	59253561	LOC132344531	NC_082638.1
LOC132344532	+	59266554	59277500	LOC132344532	NC_082638.1
LOC132344535	+	59338378	59349319	LOC132344535	NC_082638.1
LOC132344536	+	59362313	59373255	LOC132344536	NC_082638.1
LOC132344537	+	59383835	59397196	LOC132344537	NC_082638.1
LOC112445389	+	38265	41611	LOC112445389	NW_020190137.1
LOC112445393	+	19775	72510	LOC112445393	NW_020190183.1
LOC132344725	+	1553	11259	LOC132344725	NW_020190185.1
LOC132344726	+	77478	80127	LOC132344726	NW_020190209.1
LOC132344733	+	9388	15619	LOC132344733	NW_020190328.1
LOC101902112	+	38013	139088	LOC101902112	NW_020190328.1
LOC132344731	+	38619	53026	LOC132344731	NW_020190328.1
LOC132344735	+	27122	33156	LOC132344735	NW_020190346.1
LOC101908745	+	428	4929	LOC101908745	NW_020190364.1
LOC112445411	+	13684	13791	LOC112445411	NW_020190379.1
LOC112445424	+	76691	85481	LOC112445424	NW_020190439.1
LOC783947	+	126355	235442	LOC783947	NW_020190439.1
LOC132344740	+	7247	25170	LOC132344740	NW_020190457.1
LOC132344741	+	40145	45377	LOC132344741	NW_020190467.1
LOC132344742	+	384	10834	LOC132344742	NW_020190482.1
LOC101902025	+	106552	125266	LOC101902025	NW_020190496.1
LOC132344745	+	320319	334473	LOC132344745	NW_020190496.1
LOC112445445	+	28250	29209	LOC112445445	NW_020190517.1
LOC112441541	+	9603	26807	LOC112441541	NW_020190518.1
LOC112445446	+	5465	6839	LOC112445446	NW_020190520.1
LOC112445470	+	483	4571	LOC112445470	NW_020190584.1
TRNAL-CAG-6	+	3121	3203	TRNAL-CAG	NW_020190592.1
TRNAG-GCC-56	+	4485	4555	TRNAG-GCC	NW_020190592.1
TRNAL-CAG-7	+	12613	12695	TRNAL-CAG	NW_020190592.1
TRNAG-GCC-57	+	13975	14045	TRNAG-GCC	NW_020190592.1
TRNAG-GCC-58	+	23486	23556	TRNAG-GCC	NW_020190592.1
LOC112445492	+	119737	227752	LOC112445492	NW_020190613.1
LOC112441504	+	3686	11953	LOC112441504	NW_020190651.1
LOC783134	+	42122	44772	LOC783134	NW_020190675.1
LOC132344749	+	45046	48723	LOC132344749	NW_020190675.1
LOC790181	+	71106	75127	LOC790181	NW_020190675.1
LOC790255	+	88213	162956	LOC790255	NW_020190675.1
LOC132342115	+	156271	160913	LOC132342115	NW_020190675.1
LOC112445498	+	168607	173156	LOC112445498	NW_020190675.1
LILRA4	+	202553	205662	LILRA4	NW_020190675.1
LOC112445503	+	7857	21457	LOC112445503	NW_020190716.1
ULBP27	+	279	6918	ULBP27	NW_020190741.1
ULBP13	+	77217	102781	ULBP13	NW_020190741.1
LOC112445516	+	106947	117834	LOC112445516	NW_020190741.1
TRNAW-CCA-172	+	592	664	TRNAW-CCA	NW_020190749.1
LOC132344752	+	32	7410	LOC132344752	NW_020190764.1
LOC112445523	+	6325	8033	LOC112445523	NW_020190796.1
LOC112445527	+	12862	16436	LOC112445527	NW_020190827.1
LOC132344753	+	9746	12637	LOC132344753	NW_020190832.1
LOC132344754	+	19856	26543	LOC132344754	NW_020190851.1
LOC112445532	+	47705	53275	LOC112445532	NW_020190858.1
LOC112445534	+	20693	23804	LOC112445534	NW_020190874.1
LOC112441514	+	9889	19894	LOC112441514	NW_020190898.1
LOC112445540	+	8016	15061	LOC112445540	NW_020190901.1
LOC781112	+	39012	54955	LOC781112	NW_020190953.1
LOC101902555	+	203375	517014	LOC101902555	NW_020190994.1
LOC132344758	+	553502	567230	LOC132344758	NW_020190994.1
LOC521568	+	1101000	1292584	LOC521568	NW_020190994.1
LOC132342101	+	1426916	1594956	LOC132342101	NW_020190994.1
MGC152340	+	88071	92149	MGC152340	NW_020191050.1
LOC112445577	+	7912	10839	LOC112445577	NW_020191105.1
LOC112445579	+	95	6076	LOC112445579	NW_020191123.1
LOC132344761	+	1702	14584	LOC132344761	NW_020191124.1
LOC100847574	+	161823	389152	LOC100847574	NW_020191148.1
SERPINB4	+	5945	12953	SERPINB4	NW_020191178.1
LOC132344764	+	2275	14716	LOC132344764	NW_020191185.1
LOC112445612	+	27031	32424	LOC112445612	NW_020191195.1
LOC619000	+	4141	27589	LOC619000	NW_020191223.1
LOC526041	+	38774	88824	LOC526041	NW_020191223.1
LOC132344765	+	2832	3605	LOC132344765	NW_020191235.1
LOC101907471	+	21096	90848	LOC101907471	NW_020191239.1
LOC781152	+	25980	38130	LOC781152	NW_020191248.1
LOC132344766	+	27768	37949	LOC132344766	NW_020191262.1
LOC112445643	+	15139	18341	LOC112445643	NW_020191300.1
LOC112445642	+	33735	35318	LOC112445642	NW_020191300.1
LOC112445646	+	1411	8912	LOC112445646	NW_020191310.1
LOC112445648	+	3127	10362	LOC112445648	NW_020191315.1
LOC101907085	+	27500	29284	LOC101907085	NW_020191325.1
LOC132344769	+	10376	31245	LOC132344769	NW_020191341.1
LOC112445652	+	31492	33477	LOC112445652	NW_020191341.1
LOC112445653	+	26	1768	LOC112445653	NW_020191350.1
LOC790500	+	49202	50150	LOC790500	NW_020191356.1
LOC112445661	+	22536	39571	LOC112445661	NW_020191396.1
LOC112445664	+	31089	32455	LOC112445664	NW_020191413.1
LOC112445665	+	17792	21609	LOC112445665	NW_020191436.1
LOC112445666	+	7852	25378	LOC112445666	NW_020191444.1
LOC112445667	+	7115	7699	LOC112445667	NW_020191445.1
TRNAS-GGA-124	+	22837	22908	TRNAS-GGA	NW_020191445.1
LOC112441460	+	29596	30104	LOC112441460	NW_020191445.1
LOC132344773	+	2374	17864	LOC132344773	NW_020191450.1
LOC112445670	+	22325	22431	LOC112445670	NW_020191467.1
TRNAH-GUG-32	+	8497	8568	TRNAH-GUG	NW_020191468.1
TRNAG-CCC-248	+	27206	27276	TRNAG-CCC	NW_020191468.1
LOC132344774	+	5672	10447	LOC132344774	NW_020191494.1
LOC112441486	+	87266	92700	LOC112441486	NW_020191494.1
LOC788278	+	152519	157732	LOC788278	NW_020191494.1
MAGEB4	+	235196	239222	MAGEB4	NW_020191494.1
MGC133764	+	273574	277672	MGC133764	NW_020191494.1
LOC112445683	+	50394	51889	LOC112445683	NW_020191512.1
LOC112445686	+	51269	75121	LOC112445686	NW_020191539.1
LOC101905477	+	114799	115553	LOC101905477	NW_020191540.1
LOC107131271	+	42179	230937	LOC107131271	NW_020191578.1
LOC107131247	+	256061	408983	LOC107131247	NW_020191578.1
LOC104976433	+	10683	88325	LOC104976433	NW_020191608.1
LOC112441467	+	34185	35331	LOC112441467	NW_020191655.1
LOC101903219	+	312	83446	LOC101903219	NW_020191713.1
LOC112445709	+	238	2778	LOC112445709	NW_020191772.1
LOC100848051	+	16600	19810	LOC100848051	NW_020191772.1
LOC112445719	+	7120	8724	LOC112445719	NW_020191817.1
LOC112445717	+	9745	14184	LOC112445717	NW_020191817.1
LOC112445720	+	19738	20388	LOC112445720	NW_020191817.1
TRNAS-GGA-125	+	22032	22103	TRNAS-GGA	NW_020191817.1
VAMP7-2	+	19113	35601	VAMP7	NW_020191852.1
LOC101902714	+	5679	6389	LOC101902714	NW_020191893.1
LOC101903778	+	7109	11501	LOC101903778	NW_020191945.1
LOC132344787	+	10602	14931	LOC132344787	NW_020191975.1
LOC132344788	+	27372	41592	LOC132344788	NW_020191975.1
LOC112445749	+	3642	76203	LOC112445749	NW_020192012.1
LOC509854	+	128292	296739	LOC509854	NW_020192012.1
LOC132344789	+	669676	684249	LOC132344789	NW_020192012.1
LOC101902462	+	704909	741593	LOC101902462	NW_020192012.1
LOC132344791	+	11623	22608	LOC132344791	NW_020192048.1
LOC784541	+	6726	108926	LOC784541	NW_020192051.1
LOC112445756	+	115202	153482	LOC112445756	NW_020192051.1
LOC132344793	+	2359	11448	LOC132344793	NW_020192063.1
LOC613985	+	29996	45262	LOC613985	NW_020192122.1
LOC112445766	+	78897	82652	LOC112445766	NW_020192125.1
LOC112445776	+	6351	6457	LOC112445776	NW_020192176.1
LOC100848430	+	44492	47699	LOC100848430	NW_020192222.1
LOC101907643	+	129748	156581	LOC101907643	NW_020192254.1
LOC112445792	+	330600	348218	LOC112445792	NW_020192254.1
LOC112441488	+	890	6618	LOC112441488	NW_020192286.1
MIR6526-3	+	10953	11031	MIR6526-3	NW_020192287.1
MIR6526-1	+	17206	17284	MIR6526-1	NW_020192287.1
LOC112445795	+	451702	452513	LOC112445795	NW_020192287.1
LOC101902988	+	489432	490211	LOC101902988	NW_020192287.1
LOC101909256	+	218692	232727	LOC101909256	NW_020192288.1
LOC112445797	+	248068	251625	LOC112445797	NW_020192288.1
LOC112445800	+	33211	38847	LOC112445800	NW_020192290.1
ZNF449	+	43933	67957	ZNF449	NW_020192290.1
LOC112445801	+	235224	238708	LOC112445801	NW_020192290.1
TRNAH-AUG-12	+	353511	353582	TRNAH-AUG	NW_020192290.1
LOC101907432	+	197322	198265	LOC101907432	NW_020192291.1
LOC132344802	+	256138	538841	LOC132344802	NW_020192291.1
LOC132344803	+	416238	421716	LOC132344803	NW_020192291.1
MIR12047	+	544766	544827	MIR12047	NW_020192291.1
LOC522364	+	574967	575893	LOC522364	NW_020192291.1
LOC531775	+	592004	597553	LOC531775	NW_020192291.1
LOC112445836	+	82804	82906	LOC112445836	NW_020192292.1
LOC112445812	+	176759	178012	LOC112445812	NW_020192292.1
LOC112445824	+	1748743	1757145	LOC112445824	NW_020192292.1
LOC781679	+	4426829	4429001	LOC781679	NW_020192292.1
LOC286807-2	+	5167477	5168145	LOC286807	NW_020192292.1
LOC112441535	+	5183985	5351513	LOC112441535	NW_020192292.1
LOC112445820	+	6042256	6044240	LOC112445820	NW_020192292.1
FGF13	+	6393393	6468822	FGF13	NW_020192292.1
LOC112445817	+	6740938	6741628	LOC112445817	NW_020192292.1
LOC112445826	+	7492417	7501314	LOC112445826	NW_020192292.1
GPR101	+	7933186	7938525	GPR101	NW_020192292.1
LOC112445837	+	8050986	8051057	LOC112445837	NW_020192292.1
MAP7D3	+	8650957	8686523	MAP7D3	NW_020192292.1
MMGT1	+	8925422	8937711	MMGT1	NW_020192292.1
OR52AB2	+	6605	7555	OR52AB2	NW_020192293.1
ARHGAP6-2	+	187662	275424	ARHGAP6	NW_020192294.1
LOC112445842	+	296119	579958	LOC112445842	NW_020192294.1
LOC104970622	+	905961	976290	LOC104970622	NW_020192294.1
KEH36_t01	+	364	430	KEH36_t01	NC_006853.1
KEH36_t02	+	1386	1452	KEH36_t02	NC_006853.1
KEH36_t03	+	3024	3098	KEH36_t03	NC_006853.1
KEH36_p13	+	3101	4056	ND1	NC_006853.1
KEH36_t04	+	4057	4125	KEH36_t04	NC_006853.1
KEH36_t06	+	4197	4265	KEH36_t06	NC_006853.1
KEH36_p12	+	4266	5307	ND2	NC_006853.1
KEH36_t13	+	7304	7372	KEH36_t13	NC_006853.1
KEH36_p10	+	7374	8057	COX2	NC_006853.1
KEH36_t14	+	8061	8127	KEH36_t14	NC_006853.1
KEH36_p09	+	8129	8329	ATP8	NC_006853.1
KEH36_p08	+	8290	8970	ATP6	NC_006853.1
KEH36_p07	+	8970	9750	COX3	NC_006853.1
KEH36_t15	+	9754	9822	KEH36_t15	NC_006853.1
KEH36_p06	+	9823	10168	ND3	NC_006853.1
KEH36_p04	+	10529	11906	ND4	NC_006853.1
KEH36_t18	+	11977	12036	KEH36_t18	NC_006853.1
KEH36_t19	+	12038	12108	KEH36_t19	NC_006853.1
KEH36_p03	+	12109	13929	ND5	NC_006853.1
KEH36_p01	+	14514	15653	CYTB	NC_006853.1
